30.145
30.145
30.145
30.145
30.145
30.145
30.145
30.145
30.145
30.145
30.145
30.145
30.145
30.145
30.145
30.145
30.145
30.145
30.145
30.765
31.385
31.07
30.755000000000003
31.17
31.585
31.4175
31.25
30.28
29.31
30.39
31.47
30.465
29.46
28.86
28.26
28.1025
27.945
27.805
27.665
26.83
25.995
25.5625
25.13
25.145
25.16
23.92
22.68
23.62
24.56
25.0375
25.515
25.5925
25.67
25.87
26.07
27.14
28.21
28.45
28.69
29.255
29.82
30.275
30.73
30.74
30.75
31.335
31.92
31.5725
31.225
32.010000000000005
32.795
32.3
31.805
31.2725
30.74
30.7225
30.705
30.985
31.265
30.4175
29.57
29.26
28.950000000000003
27.597500000000004
26.245
25.91
25.575
26.035
26.495
26.6225
26.75
26.3725
25.995
26.3725
26.75
26.78
26.81
26.8925
26.975
26.7375
26.5
27.2975
28.095
27.9625
27.83
27.695
27.56
28.01
28.46
28.4325
28.405
28.315
28.225
27.7525
27.28
27.1
26.92
26.26
25.6
24.6525
23.705
23.85
23.995
24.0325
24.07
24.3075
24.545
24.1575
23.77
23.91
24.05
24.8775
25.705
25.6675
25.630000000000003
25.3
24.97
25.58
26.19
27.130000000000003
28.07
28.54
29.01
29.35
29.69
29.45
29.21
29.65
30.09
30.585
31.08
30.96
30.84
30.887500000000003
30.935
30.995
31.055
32.055
33.055
34.2375
35.42
35.65
35.879999999999995
35.864999999999995
35.85
36.2725
36.69499999999999
36.8225
36.95
36.915
36.88
37.64
38.400000000000006
38.72
39.04
38.705
38.370000000000005
38.02
37.67
38.23
38.790000000000006
38.23
37.67
37.7225
37.775000000000006
37.627500000000005
37.48
37.45
37.42
36.6725
35.925
35.2725
34.620000000000005
34.7875
34.955
34.015
33.075
32.2375
31.4
31.1
30.8
31.1
31.4
30.565
29.73
28.49
27.25
27.4
27.55
26.705
25.86
25.625
25.39
25.07
24.75
25.3875
26.025
26.0575
26.09
26.3975
26.705
26.7225
26.74
27.085
27.43
27.6925
27.955
28.1875
28.42
27.5575
26.695
26.785
26.875
27.405
27.935
28.1625
28.39
28.0675
27.745
28.265
28.785
28.442500000000003
28.1
27.735
27.37
27.275
27.18
26.775
26.37
26.0775
25.785
25.51
25.235
24.265
23.295
24.7825
26.270000000000003
26.762500000000003
27.255000000000003
27.582500000000003
27.91
28.7625
29.615
29.7775
29.94
30.9975
32.055
32.400000000000006
32.745000000000005
33.425000000000004
34.105000000000004
34.2975
34.49
35.45
36.41
36.47
36.53
36.77
37.01
36.9525
36.895
37.105
37.315
37.3775
37.44
37.485
37.53
37.365
37.2
36.8625
36.525
36.3325
36.14
36.1075
36.075
35.1775
34.28
34.0175
33.754999999999995
33.0325
32.31
32.222500000000004
32.135000000000005
31.0175
29.9
29.75
29.6
28.7325
27.865
26.7225
25.58
25.9425
26.305
25.4175
24.53
23.9325
23.335
22.4225
21.51
22.2
22.89
22.6575
22.425
22.3375
22.25
21.5225
20.795
21.1225
21.45
21.8375
22.225
22.785
23.345
23.6775
24.01
24.7975
25.585
26.17
26.755000000000003
26.9325
27.11
27.7625
28.415
28.5425
28.67
28.99
29.31
29.3575
29.405
29.625
29.845
30.8775
31.91
33.13
34.35
33.81
33.27
34.55500000000001
35.84
36.8175
37.795
38.16
38.525
37.7825
37.040000000000006
38.2075
39.375
39.385
39.395
39.4625
39.53
39.82
40.11
40.4075
40.705
40.695
40.685
40.0975
39.51
39.52
39.53
38.6275
37.725
37.1125
36.5
35.7525
35.004999999999995
34.9675
34.93000000000001
34.7025
34.475
33.682500000000005
32.89
31.9975
31.105
30.270000000000003
29.435
29.4225
29.41
29.1225
28.835
28.4275
28.02
27.245
26.47
26.0925
25.715
25.1325
24.55
24.2825
24.015
24.6825
25.35
25.3675
25.385
24.9425
24.5
24.83
25.16
25.265
25.37
25.277500000000003
25.185
24.8825
24.58
24.06
23.54
23.75
23.96
23.375
22.79
22.27
21.75
21.155
20.56
20.3375
20.115
20.24
20.365
19.93
19.495
20.14
20.785
20.835
20.885
21.62
22.355
22.315
22.275
22.6825
23.09
23.255000000000003
23.42
23.025
22.630000000000003
22.955
23.28
23.4025
23.525
22.8125
22.1
22.595
23.09
23.2075
23.325
23.7475
24.17
24.317500000000003
24.465
24.1875
23.91
24.62
25.33
24.785
24.24
24.0775
23.915
23.97
24.025
23.4975
22.97
22.8175
22.665
22.4675
22.270000000000003
22.5725
22.875
23.205
23.535
23.5725
23.61
23.975
24.34
24.34
24.34
24.067500000000003
23.795
23.832500000000003
23.87
23.725
23.58
23.105
22.630000000000003
22.8025
22.975
22.855
22.735
22.885
23.035
23.59
24.145
24.8775
25.61
26.58
27.55
27.637500000000003
27.725
27.8125
27.9
27.987500000000004
28.075000000000003
28.93
29.785
29.880000000000003
29.975
30.265
30.555
31.2875
32.02
31.385
30.750000000000004
30.115
29.480000000000004
28.845
28.21
27.575000000000003
26.94
26.305000000000003
25.67
25.1575
24.645
24.3925
24.14
23.4875
22.835
22.5175
22.2
21.8125
21.425
20.295
19.165
19.7125
20.26
18.9875
17.715
17.755000000000003
17.795
17.9475
18.1
18.52
18.94
19.0775
19.215
19.457500000000003
19.700000000000003
19.735
19.77
20.31
20.85
21.4175
21.985
22.49
22.995
23.28
23.565
24.15
24.735
25.3325
25.93
26.76
27.59
27.59
27.59
28.2225
28.855
29.805
30.755000000000003
31.200000000000003
31.645
32.27
32.895
33.3975
33.900000000000006
34.395
34.89
34.8375
34.785
35.275
35.765
36.3725
36.98
36.877500000000005
36.775000000000006
37.115
37.455
37.5875
37.72
37.17
36.620000000000005
36.8125
37.005
36.88249999999999
36.76
35.905
35.05
33.9325
32.815
32.095
31.375
31.435
31.495
31.535
31.575
30.75
29.925
29.445
28.965
28.545
28.125
27.2775
26.43
25.8225
25.215
25.265
25.315
25.3525
25.39
25.0125
24.635
25.3525
26.07
26.69
27.31
27.6525
27.995
28.1225
28.25
29.1575
30.065
30.9725
31.88
32.7875
33.695
33.8525
34.01
34.7325
35.455
35.2325
35.010000000000005
35.6775
36.345
37.4925
38.64
38.425
38.21
38.575
38.94
39.12
39.3
39.4875
39.675
39.3975
39.120000000000005
39.4525
39.785
39.5575
39.33
38.8725
38.415000000000006
38.5825
38.75
38.35
37.95
37.3275
36.705
35.7575
34.81
34.5225
34.235
33.525
32.815
32.54
32.265
31.915
31.565
30.705
29.845
29.07
28.295
28.582500000000003
28.87
28.4525
28.035
28.03
28.025
27.53
27.035
28.43
29.825
30.38
30.935
31.04
31.145
31.2025
31.26
30.7425
30.225
31.2625
32.3
32.1275
31.955
32.39
32.825
33.055
33.285
33.62
33.955
33.7225
33.489999999999995
33.3325
33.175
32.8975
32.620000000000005
32.265
31.91
31.7225
31.535
30.93
30.325000000000003
30.340000000000003
30.355
29.3675
28.38
27.9475
27.515
26.95
26.385
26.68
26.975
26.76
26.545
26.387500000000003
26.23
26.365
26.5
27.105
27.71
28.725
29.74
29.535
29.33
30.835
32.34
31.995000000000005
31.65
32.362500000000004
33.075
33.285
33.495
33.88249999999999
34.27
34.86
35.45
35.47
35.489999999999995
36.1225
36.755
37.145
37.535
37.2025
36.870000000000005
37.13250000000001
37.395
37.71000000000001
38.025000000000006
38.040000000000006
38.05500000000001
37.032500000000006
36.010000000000005
36.455
36.9
37.1175
37.335
37.095
36.855
36.38
35.905
35.5125
35.12
33.86
32.6
32.120000000000005
31.64
30.395
29.15
28.3
27.450000000000003
27.93
28.41
29.4025
30.395000000000003
30.05
29.705
30.4575
31.21
32.28
33.349999999999994
33.66499999999999
33.98
34.459999999999994
34.94
35.195
35.45
36.265
37.08
36.7525
36.425
37.6025
38.78
37.9775
37.175
37.7525
38.33
38.5675
38.805
38.71
38.615
38.212500000000006
37.81
38.2225
38.635
38.3
37.965
37.68
37.395
37.445
37.495000000000005
38.25
39.005
38.085
37.165
37.7675
38.370000000000005
38.71
39.05
39.305
39.56
39.78
40.0
39.6175
39.235
38.98
38.725
38.445
38.165
37.655
37.145
36.2075
35.27
35.815
36.36
35.775
35.19
34.608333333333334
34.026666666666664
33.445
32.86333333333333
32.281666666666666
31.7
31.38
31.06
30.74
30.42
30.1
29.78
28.8525
27.925
27.5775
27.23
27.08
26.93
26.3725
25.815
25.535
25.255
24.405
23.555
23.6025
23.65
23.1925
22.735
21.9525
21.17
21.34
21.51
19.89
18.27
18.3675
18.465
18.3375
18.21
18.185
18.16
17.5475
16.935000000000002
16.402500000000003
15.87
16.4725
17.075
17.432499999999997
17.79
17.744999999999997
17.7
18.37
19.04
19.7475
20.455
20.77
21.085
21.7525
22.42
22.755000000000003
23.09
23.455
23.82
24.5225
25.225
25.645
26.065
26.3675
26.67
27.1
27.53
28.4825
29.435
30.315
31.195
31.6475
32.099999999999994
32.4825
32.865
34.0225
35.18
35.3275
35.475
36.205
36.935
37.84
38.745000000000005
39.015
39.285
40.1125
40.94
41.43
41.92
42.370000000000005
42.82
42.96
43.1
43.4975
43.895
44.1675
44.44
44.7125
44.985
44.865
44.745000000000005
44.98
45.215
45.285
45.355
44.728750000000005
44.102500000000006
43.47625000000001
42.85
42.22375
41.5975
40.971250000000005
40.345000000000006
39.71875
39.0925
38.46625
37.84
37.41
36.98
35.822500000000005
34.665
34.0775
33.489999999999995
33.6725
33.855000000000004
33.07
32.285
30.805
29.325
29.485
29.645
28.5625
27.48
26.7875
26.095
25.71
25.325000000000003
25.235
25.145
25.065
24.985
24.835
24.685
24.03
23.375
23.525
23.675
23.795
23.915
24.4175
24.92
24.85
24.78
24.8275
24.875
24.915
24.955
25.495
26.035
26.65
27.265
28.16
29.055
28.3325
27.61
28.035
28.46
28.6825
28.905
29.130000000000003
29.355
29.2575
29.16
28.65
28.14
27.67
27.200000000000003
27.355
27.51
26.7475
25.985
26.3075
26.63
26.5325
26.435
27.235
28.035
28.2675
28.5
28.81
29.12
29.66
30.2
30.8
31.4
31.8775
32.355000000000004
33.025000000000006
33.695
34.2375
34.78
35.129999999999995
35.48
34.959999999999994
34.44
35.215
35.989999999999995
36.92
37.85
37.5275
37.205
36.8875
36.57
37.2225
37.875
36.815
35.754999999999995
35.5225
35.290000000000006
35.68000000000001
36.07
35.6775
35.285000000000004
34.8925
34.5
34.1075
33.715
33.045
32.375
32.035
31.695
31.28
30.865
30.23
29.595
29.8375
30.08
29.8925
29.705
30.155
30.605
31.03
31.455
31.305
31.155
31.46
31.765
32.035
32.305
31.4775
30.65
30.8525
31.055
31.08
31.105
30.6725
30.24
29.69
29.14
28.7125
28.285
27.9675
27.65
27.2725
26.895
26.34
25.785
25.355
24.925
24.36
23.795
23.5425
23.29
22.8975
22.505000000000003
21.707500000000003
20.91
20.1825
19.455
20.1125
20.77
18.81
16.85
17.44
18.03
17.815
17.6
17.3225
17.045
16.7975
16.55
16.877499999999998
17.205
17.5075
17.810000000000002
18.335
18.86
19.4725
20.085
20.6975
21.31
21.73
22.15
22.5625
22.975
23.725
24.475
24.8775
25.28
26.0825
26.885
27.1925
27.5
28.13
28.76
29.2525
29.745
30.0625
30.380000000000003
30.725
31.07
32.0325
32.995000000000005
33.14
33.285
34.345
35.405
35.3725
35.34
35.645
35.95
36.219375
36.48875
36.75812500000001
37.0275
37.296875
37.56625
37.83562500000001
38.105
38.0525
38.0
37.79
37.58
37.2
36.82
36.57
36.32
36.225
36.13
35.3075
34.485
33.575
32.665000000000006
32.7625
32.86
32.895
32.93
31.5125
30.095
29.385
28.675
28.265
27.855
27.4675
27.08
26.9425
26.805
27.16375
27.5225
27.88125
28.24
28.67
29.1
29.8925
30.685
31.455
32.225
32.2225
32.22
32.0475
31.875
31.665
31.455
31.535
31.615
30.985
30.355
30.6275
30.9
30.685
30.47
29.8075
29.145
28.8875
28.63
27.7475
26.865
26.7175
26.57
26.005
25.44
25.955
26.47
26.3525
26.235
26.8175
27.4
27.585
27.77
27.775
27.78
27.93
28.08
27.5975
27.115
27.095
27.075
26.67
26.265
25.985
25.705
25.34
24.975
24.26
23.545
23.085
22.625
22.8475
23.07
23.6525
24.235
23.5775
22.92
24.840000000000003
26.76
26.5925
26.425
27.28
28.135
28.8675
29.6
29.7525
29.905
30.630000000000003
31.355
31.15
30.945
31.7025
32.459999999999994
32.497499999999995
32.535
32.745
32.955
33.37
33.785
33.3975
33.010000000000005
32.8175
32.625
32.417500000000004
32.21
32.125
32.04
31.7775
31.515
30.675
29.835
30.7075
31.58
30.3675
29.155
28.0125
26.87
26.88
26.89
26.09
25.29
24.8425
24.395000000000003
24.9175
25.44
26.2625
27.085
27.3775
27.67
27.5475
27.425
27.7875
28.15
28.29
28.43
28.215
28.0
28.2875
28.575
28.9325
29.29
29.065
28.840000000000003
28.7475
28.655
27.5225
26.39
26.5975
26.805
26.53
26.255
26.2475
26.24
26.5975
26.955
27.1525
27.35
27.65
27.95
28.520000000000003
29.090000000000003
28.5925
28.095
28.4275
28.76
28.3
27.84
27.7675
27.695
28.17
28.645000000000003
27.785
26.925
27.5675
28.21
28.755000000000003
29.3
29.5625
29.825
30.442500000000003
31.06
31.4675
31.875
32.5225
33.17
33.1
33.03
33.535
34.04
34.2325
34.425
34.46
34.495000000000005
33.905
33.315
33.395
33.475
33.5975
33.72
33.36
33.0
32.8775
32.755
32.0275
31.3
30.79
30.28
29.17
28.06
28.0475
28.035
27.275
26.515
26.1275
25.74
25.9275
26.115
26.1175
26.12
25.8475
25.575
25.7125
25.85
25.9375
26.025
26.1575
26.29
25.585
24.880000000000003
25.71
26.54
26.8675
27.195
27.3875
27.58
27.7275
27.875
28.47
29.065
29.4375
29.81
29.4625
29.115
29.442500000000003
29.77
28.875
27.98
28.5375
29.095
28.77
28.445
28.3375
28.23
28.06
27.89
27.1575
26.425
26.63
26.835
27.385
27.935
27.9075
27.880000000000003
28.0525
28.225
27.965
27.705
27.7375
27.770000000000003
27.775
27.78
27.895
28.01
28.7875
29.565
29.1125
28.66
29.3425
30.025
30.475
30.925
31.0775
31.23
32.045
32.86
31.9675
31.075
30.6825
30.29
30.9725
31.655
31.655
31.655
31.655
31.655
31.655
31.655
31.655
31.655
31.655
31.655