35.435
35.435
35.435
35.435
35.435
35.435
35.435
35.435
35.435
35.435
35.435
35.435
35.435
35.435
35.435
35.435
35.435
35.435
35.435
35.435
35.435
34.35
33.265
32.18
31.095
31.575
32.055
31.3375
30.62
30.270000000000003
29.92
29.39
28.86
29.6325
30.405
31.0025
31.6
31.5525
31.505
31.442500000000003
31.380000000000003
31.9525
32.525
32.95
33.375
32.7
32.025
32.7275
33.43
33.4375
33.445
33.82
34.195
33.56
32.925
33.055
33.185
33.4025
33.620000000000005
33.150000000000006
32.68
32.4375
32.195
31.535
30.875
30.02
29.165
29.0575
28.950000000000003
29.075000000000003
29.2
27.975
26.75
26.865
26.98
25.4775
23.975
23.895
23.815
23.7225
23.63
24.11
24.59
24.4625
24.335
25.085
25.835
25.5825
25.33
25.5075
25.685
25.7675
25.85
25.887500000000003
25.925
25.805
25.685
25.2925
24.9
24.8375
24.775
23.605
22.435
22.6875
22.94
22.5625
22.185
22.7475
23.31
23.265
23.22
24.005
24.79
25.345
25.9
25.415
24.93
25.3575
25.785
26.365
26.945
27.0025
27.06
26.945
26.83
26.645
26.46
26.46
26.46
26.61
26.76
26.3225
25.885
25.405
24.925
24.6275
24.33
25.475
26.62
26.9625
27.305
28.0025
28.700000000000003
28.57
28.44
28.6675
28.895000000000003
29.1775
29.46
29.805
30.15
30.5675
30.985
31.4025
31.82
31.3625
30.905
30.9125
30.92
30.0325
29.145
29.435
29.725
29.305
28.885
28.2975
27.71
27.7075
27.705
27.37
27.035
26.765
26.495
26.125
25.755
25.5375
25.32
25.775
26.23
26.46
26.69
27.0625
27.435
27.5075
27.58
27.8625
28.145
27.89
27.635
27.2425
26.85
26.77
26.69
26.8675
27.045
27.075000000000003
27.105
26.7425
26.38
26.5725
26.765
26.275
25.785
25.67
25.555
26.3
27.045
27.965
28.885
29.315
29.745
25.2075
20.67
21.1125
21.555
20.9675
20.38
20.6825
20.985
21.4225
21.86
21.5725
21.285
21.692500000000003
22.1
22.115
22.130000000000003
22.235
22.34
23.025
23.71
23.94
24.17
24.375
24.58
24.76
24.94
24.8325
24.725
24.4775
24.23
24.225
24.22
23.6975
23.175
23.09
23.005
23.5975
24.19
24.41
24.630000000000003
25.4125
26.195
26.5525
26.91
28.1275
29.345
28.9675
28.59
29.685
30.78
30.8925
31.005000000000003
31.74
32.475
33.5
34.525
34.9875
35.45
36.2075
36.965
37.135000000000005
37.305
38.0175
38.73
38.39
38.05
38.82
39.59
39.4275
39.265
39.3825
39.5
39.6175
39.735
39.8075
39.88
39.8525
39.825
38.9725
38.120000000000005
38.635000000000005
39.15
37.8625
36.575
36.845
37.115
36.3575
35.599999999999994
35.14
34.68
33.917500000000004
33.155
32.6275
32.1
31.8225
31.545
31.365
31.185
30.67
30.155
29.71
29.265
30.35
31.435
31.445
31.455
30.955
30.455
30.835
31.215
30.945
30.675
30.5575
30.44
30.2275
30.015
29.6
29.185
28.7725
28.36
28.6225
28.885
27.955
27.025
26.28
25.535
25.23
24.925
24.1575
23.39
23.1
22.81
22.5425
22.275
22.69
23.105
23.067500000000003
23.03
23.285
23.54
23.0825
22.625
22.8525
23.08
22.5525
22.025
22.2
22.375
22.82
23.265
24.1475
25.03
24.83
24.63
25.52
26.41
26.8775
27.345
27.8325
28.32
28.185
28.05
28.085
28.12
29.07
30.02
30.265
30.51
30.2625
30.015
29.995
29.975
29.7325
29.49
29.3675
29.245
29.19
29.135
28.9475
28.76
28.0875
27.415
27.33
27.245
26.1075
24.97
24.665
24.36
24.2875
24.215
23.3725
22.53
22.01
21.49
21.7575
22.025
20.2575
18.49
18.2325
17.975
17.795
17.615000000000002
18.5625
19.51
18.6475
17.785
18.725
19.665
20.3325
21.0
21.375
21.75
21.8475
21.945
22.12
22.295
22.47
22.645
22.9475
23.25
23.32
23.39
24.755
26.12
26.8525
27.585
28.3625
29.14
29.14
29.14