39.73
39.73
39.73
39.73
39.73
39.73
39.73
39.73
39.73
39.73
39.73
39.10833333333333
38.486666666666665
37.865
37.24333333333333
36.62166666666667
36.0
37.375
38.75
38.525
38.3
38.1175
37.935
37.2875
36.64
36.432500000000005
36.225
36.28
36.335
35.225
34.115
35.075
36.035
36.295
36.555
35.91
35.265
35.49
35.715
35.195
34.675
34.8075
34.94
34.4075
33.875
33.36
32.845
32.442499999999995
32.04
31.6725
31.305
30.3325
29.36
29.33
29.3
28.97
28.64
28.115
27.59
27.225
26.86
25.6625
24.465
24.832500000000003
25.200000000000003
25.445
25.69
25.7125
25.735
25.9525
26.17
26.880000000000003
27.59
27.945
28.3
28.15
28.0
27.9325
27.865
27.7875
27.71
26.7375
25.765
25.8425
25.92
25.57
25.22
24.8975
24.575000000000003
24.31
24.045
24.705
25.365
26.0775
26.79
27.41
28.03
28.477500000000003
28.925
29.3725
29.820000000000004
30.2675
30.715000000000003
30.6875
30.66
31.5725
32.485
32.96
33.435
32.78
32.125
32.6925
33.260000000000005
33.682500000000005
34.105000000000004
34.3175
34.53
34.2425
33.955
33.33
32.705
32.59
32.474999999999994
32.309999999999995
32.145
31.885
31.625
32.8325
34.04
33.305
32.57
33.5275
34.485
34.895
35.305
35.317499999999995
35.33
35.055
34.78
35.565
36.35
36.4125
36.475
36.155
35.835
36.0
36.165
35.7975
35.43000000000001
35.510000000000005
35.59
34.7875
33.985
34.1
34.215
33.225
32.235
32.4925
32.75
32.1575
31.565
31.1525
30.74
30.6625
30.585
29.512500000000003
28.44
27.7925
27.145
26.5
25.855
26.4125
26.97
26.575
26.18
26.52
26.86
27.35
27.84
28.245
28.65
28.5975
28.545
28.6275
28.71
27.4975
26.285
27.1275
27.97
27.93
27.89
27.985
28.08
27.79
27.5
26.7325
25.965
25.6625
25.36
27.2575
29.155
29.395
29.635
30.6325
31.63
31.7875
31.945
32.4825
33.02
34.315
35.61
35.25
34.89
35.6175
36.345
36.3875
36.43
36.6575
36.885000000000005
37.5675
38.25
37.4425
36.635000000000005
37.040000000000006
37.445
37.6575
37.870000000000005
38.1925
38.515
37.94
37.365
36.900000000000006
36.435
35.515
34.595
34.4
34.205
34.2625
34.32
33.58
32.84
32.542500000000004
32.245000000000005
32.175000000000004
32.105000000000004
31.012500000000003
29.92
29.4225
28.925
28.8125
28.7
28.56
28.42
28.6025
28.785
28.92
29.055
29.2825
29.51
29.4425
29.375
29.64
29.905
29.7425
29.58
29.93
30.28
29.512500000000003
28.745
28.725
28.705
27.895
27.085
27.3325
27.58
26.565
25.55
24.9225
24.295
24.32
24.345
24.99
25.635
25.985
26.335
26.65
26.965000000000003
27.32
27.675
28.340000000000003
29.005000000000003
29.335
29.665
29.87
30.075000000000003
29.8675
29.66
29.7125
29.765
29.9525
30.14
30.045
29.95
29.5325
29.115
28.8825
28.65
28.135
27.62
27.6425
27.665
27.7025
27.74
27.3675
26.995
26.235
25.475
24.692500000000003
23.91
23.535
23.16
23.22
23.28
23.135
22.99
23.585
24.18
24.015
23.85
24.665
25.48
25.73
25.98
25.7125
25.445
25.705
25.965
25.91
25.855
25.9875
26.12
26.095
26.07
25.985
25.9
26.1875
26.475
26.445
26.415
26.9025
27.39
27.605
27.82
28.2725
28.725
29.32
29.915
29.98
30.045
31.295
32.545
32.620000000000005
32.695
33.16
33.625
34.555
35.485
35.225
34.965
35.855000000000004
36.745
38.057500000000005
39.370000000000005
39.212500000000006
39.055
38.2525
37.45
37.947500000000005
38.445
39.285
40.125
40.085
40.045
40.1875
40.33
39.6875
39.045
38.645
38.245
38.0275
37.81
37.705
37.6
37.025
36.45
35.697500000000005
34.945
34.2975
33.65
32.9025
32.155
32.215
32.275
32.1
31.925
30.567500000000003
29.21
28.81
28.41
27.6975
26.985
27.045
27.105
26.835
26.565
26.8525
27.14
27.6
28.06
29.765
31.47
31.7575
32.045
31.315
30.585
31.3
32.015
32.8925
33.77
33.3125
32.855000000000004
33.002500000000005
33.150000000000006
32.895
32.64
32.405
32.17
31.9775
31.785
31.655
31.525
31.2875
31.05
30.8175
30.585
29.1
27.615
28.3275
29.04
28.9875
28.935
29.195
29.455
30.0675
30.68
30.8925
31.105
31.8925
32.68
33.265
33.849999999999994
33.897499999999994
33.945
34.3825
34.82
35.565
36.31
36.4675
36.625
36.3425
36.06
36.46
36.86
36.68
36.5
36.1725
35.845
35.6125
35.379999999999995
35.44
35.5
34.7975
34.095
34.2
34.305
33.834999999999994
33.364999999999995
32.504999999999995
31.645000000000003
30.9975
30.35
30.1325
29.915
28.79
27.665
27.2175
26.77
26.78
26.79
25.71
24.63
25.845
27.06
27.49
27.92
28.3975
28.875
29.3475
29.82
30.2925
30.765
31.115
31.465000000000003
32.0925
32.72
32.815
32.91
33.099999999999994
33.29
33.085
32.88
32.675
32.47
32.265
32.06
31.9625
31.865
31.4375
31.01
30.835
30.66
29.8825
29.105
28.4175
27.73
27.5925
27.455
26.8525
26.25
25.7775
25.305
24.6425
23.98
23.5425
23.105
23.1075
23.11
21.445
19.78
20.57
21.36
20.605
19.85
19.875
19.9
18.2175
16.535
17.4
18.265
18.0625
17.86
18.53
19.2
19.525
19.85
20.175
20.5
20.825
21.15
21.455
21.76
21.81
21.86
23.4
24.94
24.9975
25.055
25.4525
25.85
26.7675
27.685
27.51
27.335
27.4375
27.54
27.7525
27.965000000000003
28.06
28.155
28.34
28.525
28.305
28.085
28.1325
28.18
28.1725
28.165
27.26
26.355
26.1425
25.93
25.9525
25.975
25.3975
24.82
24.15
23.48
23.1875
22.895
23.012500000000003
23.130000000000003
23.2025
23.275
23.465
23.655
24.7825
25.91
25.8425
25.775
25.85
25.925
26.1175
26.31
26.442500000000003
26.575000000000003
26.69
26.805
26.7725
26.74
26.8975
27.055
27.15
27.245
26.4525
25.66
25.915
26.17
26.575000000000003
26.98
28.4625
29.945
29.3475
28.75
29.655
30.56
31.4725
32.385
32.69
32.995000000000005
32.97
32.945
33.17
33.395
33.88249999999999
34.37
34.8925
35.415000000000006
35.760000000000005
36.105
36.205
36.305
36.2
36.095
36.9375
37.78
37.09
36.400000000000006
36.6875
36.975
35.59
34.205
34.662499999999994
35.12
34.8475
34.575
33.807500000000005
33.04
33.36
33.68
33.4375
33.195
32.0175
30.84
30.9525
31.065
30.11
29.155
28.3475
27.54
26.5275
25.515
26.7025
27.89
27.26
26.630000000000003
26.8025
26.975
27.39
27.805
28.39
28.975
29.2725
29.57
29.2225
28.875
28.975
29.075
28.6725
28.27
28.425
28.58
28.6575
28.735
28.4675
28.2
29.055
29.91
30.185
30.46
30.655
30.85
31.02
31.19
31.4675
31.745
32.2025
32.66
32.879999999999995
33.099999999999994
32.872499999999995
32.645
32.129999999999995
31.615
31.6075
31.6
31.5625
31.525
31.235
30.945
30.865
30.785
31.19
31.595
31.8175
32.04
32.599999999999994
33.16
33.8725
34.585
34.095
33.605
33.6825
33.76
34.025
34.29
34.91
35.53
35.18
34.83
34.1225
33.415
34.19499999999999
34.974999999999994
34.37
33.765
33.4075
33.05
34.42
35.79
35.912499999999994
36.035
37.2925
38.55
39.1975
39.845
39.9575
40.07
41.045
42.02
42.85
43.68
43.27
42.86
44.545
46.23