42.21
40.77
39.33
38.8025
38.275
36.932500000000005
35.59
35.7
35.81
36.540000000000006
37.27
36.92
36.57
34.45
32.33
31.4025
30.475
30.45
30.425
29.9375
29.45
29.52
29.59
28.575000000000003
27.56
27.47
27.38
26.7
26.02
25.845
25.67
24.085
22.5
22.6175
22.735
22.0375
21.34
21.205
21.07
20.3675
19.665
19.985
20.305
20.7275
21.15
21.3775
21.605
21.4975
21.39
21.69
21.99
21.9725
21.955
21.72
21.485
22.225
22.965
22.26
21.555
22.2175
22.88
22.485
22.09
21.92
21.75
21.2825
20.815
20.47
20.125
19.535
18.945
18.765
18.585
18.5
18.415
18.5575
18.7
20.317500000000003
21.935
20.775
19.615
20.135
20.655
21.0635
21.472
21.8805
22.289
22.6975
23.106
23.5145
23.923
24.3315
24.74
24.72
24.7
25.015
25.33
25.285
25.24
25.32
25.4
25.5425
25.685
25.0775
24.47
24.495
24.52
23.7925
23.065
23.7575
24.45
25.1775
25.905
26.192500000000003
26.48
26.965
27.45
27.0475
26.645
26.35
26.055
26.305
26.555
26.3425
26.130000000000003
26.03
25.93
25.6575
25.385
25.2775
25.17
24.87
24.57
27.0575
29.545
27.4875
25.43
26.3125
27.195
27.4575
27.72
27.68
27.64
28.1
28.56
28.9
29.24
28.885
28.53
28.7325
28.935
28.7325
28.53
28.255000000000003
27.98
28.1875
28.395
28.075000000000003
27.755000000000003
27.9525
28.15
26.915
25.68
25.9875
26.295
25.62
24.945
25.7375
26.53
27.3325
28.135
27.64
27.145
27.7125
28.28
28.715
29.15
29.1725
29.195
29.2325
29.27
29.03
28.79
28.5725
28.355
28.6575
28.96
28.795
28.63
28.365
28.1
27.5325
26.965
26.73
26.495
25.81
25.125
24.7875
24.45
24.01
23.57
23.130000000000003
22.69
22.6525
22.615
22.3075
22.0
22.38
22.76
22.2925
21.825000000000003
22.0875
22.35
21.775
21.2
21.9675
22.735
22.0125
21.29
20.9375
20.585
20.535
20.485
20.29
20.095
19.0075
17.92
19.8
21.68
21.13
20.58
21.7225
22.865
23.4675
24.07
24.44
24.81
25.0475
25.285
26.2125
27.14
27.1025
27.065
27.655
28.245
29.125
30.005
30.18
30.355
30.5375
30.72
30.785
30.85
31.3375
31.825
31.465
31.105
32.1525
33.2
32.855000000000004
32.51
32.36
32.21
32.292500000000004
32.375
32.3375
32.3
32.209999999999994
32.12
32.412499999999994
32.705
31.9375
31.17
30.700000000000003
30.23
30.0775
29.925
30.41
30.895
30.825000000000003
30.755000000000003
31.0725
31.39
31.475
31.56
31.692500000000003
31.825
32.015
32.205
32.26
32.315
32.3425
32.370000000000005
31.3025
30.235
31.66
33.085
34.4975
35.91
35.8275
35.745000000000005
35.0375
34.33
34.6725
35.015
35.555
36.095
36.0375
35.98
36.425
36.870000000000005
35.667500000000004
34.465
35.595
36.725
36.725
36.725
36.725