35.21
35.21
35.21
35.21
35.21
35.21
35.21
35.21
35.21
35.21
35.21
35.21
35.21
35.21
35.21
33.83
32.45
31.355000000000004
30.26
31.292500000000004
32.325
33.5525
34.78
34.7
34.62
34.3775
34.135
33.84
33.545
33.4475
33.349999999999994
33.3625
33.375
33.035
32.695
32.0475
31.4
31.01
30.62
30.46
30.3
29.6
28.9
29.1825
29.465
28.770000000000003
28.075000000000003
28.94
29.805
29.8825
29.96
29.6325
29.305
29.715
30.125
29.6475
29.17
28.975
28.78
28.585
28.39
28.195
28.0
27.475
26.95
26.9925
27.035
26.02
25.005
25.155
25.305
24.3825
23.46
23.2075
22.955
23.2075
23.46
23.945
24.43
24.6525
24.875
24.97
25.065
25.0725
25.08
25.1175
25.155
25.1125
25.07
24.705
24.34
24.56
24.78
25.5175
26.255
26.6325
27.01
27.17
27.33
26.8875
26.445
26.8275
27.21
27.4225
27.635
27.6025
27.57
27.685
27.8
27.0875
26.375
25.9375
25.5
25.235
24.97
24.4425
23.915
24.4025
24.89
25.075
25.26
26.33
27.4
27.5125
27.625
28.3325
29.04
29.7925
30.545
31.285
32.025
31.9325
31.840000000000003
32.4075
32.974999999999994
32.48
31.985
32.9725
33.96
33.322500000000005
32.685
33.185
33.685
33.265
32.845
32.5075
32.17
31.7225
31.275
31.3125
31.35
30.5275
29.705
29.7425
29.78
28.945
28.11
27.41
26.71
26.8425
26.975
26.3925
25.81
26.0975
26.385
26.4375
26.49
26.4625
26.435
26.855
27.275
27.225
27.175
27.995
28.815
28.69
28.565
28.415
28.265
28.585
28.905
28.7575
28.61
28.88
29.15
29.1525
29.155
28.317500000000003
27.48
27.7925
28.105
28.365
28.625
27.475
26.325
26.7525
27.18
26.64
26.1
26.8
27.5
27.46
27.42
27.0625
26.705
27.1875
27.67
27.685
27.7
26.9425
26.185
26.2025
26.22
26.315
26.41
26.935
27.46
28.5075
29.555
30.2025
30.85
31.15
31.45
31.615
31.78
31.9875
32.19499999999999
32.43
32.665000000000006
33.220000000000006
33.775000000000006
33.915000000000006
34.055
34.215
34.375
34.8225
35.27
34.59
33.91
33.3775
32.845
33.2425
33.64
33.05
32.46
32.145
31.83
31.495
31.16
30.1825
29.205
29.2575
29.31
28.9675
28.625
28.13
27.635
27.16
26.685
26.175
25.665
25.1775
24.69
24.9175
25.145
25.775
26.405
26.6425
26.88
27.345
27.81
27.270000000000003
26.73
27.01
27.29
27.645
28.0
27.7575
27.515
27.03
26.545
26.61
26.675
26.0625
25.45
24.9725
24.495
23.93
23.365
23.5
23.635
24.1025
24.57
24.43
24.29
25.185
26.08
26.7475
27.415
27.6925
27.97
27.9075
27.845
28.3425
28.84
28.925
29.01
29.1975
29.385
29.9475
30.51
29.885
29.26
29.0775
28.895
28.885
28.875
29.0225
29.17
28.76
28.35
28.3
28.25
28.2125
28.175
28.3725
28.57
27.795
27.02
26.855
26.69
26.3375
25.985
27.3075
28.63
28.275
27.92
29.387500000000003
30.855
30.5325
30.21
30.8975
31.585
31.8025
32.02
32.3925
32.765
33.77
34.775000000000006
34.5675
34.36
34.4275
34.495000000000005
34.36
34.224999999999994
34.4925
34.760000000000005
34.790000000000006
34.82
33.900000000000006
32.980000000000004
33.275000000000006
33.57
32.785
32.0
31.37
30.74
30.505000000000003
30.27
29.975
29.68
28.9675
28.255
27.66
27.065
26.5375
26.01
25.64
25.27
24.505000000000003
23.74
23.082500000000003
22.425
22.1025
21.78
22.05
22.32
22.56
22.8
23.97
25.14
24.6275
24.115
24.675
25.235
25.4975
25.76
25.97
26.18
26.37
26.56
26.207500000000003
25.855
25.73
25.605
25.69
25.775
25.6
25.425
24.8075
24.19
24.115
24.04
23.555
23.07
22.6175
22.165
22.3075
22.45
22.2525
22.055
22.29
22.525
22.8225
23.12
24.0625
25.005000000000003
25.2525
25.5
25.99
26.48
26.475
26.47
26.765
27.06
27.27
27.48
27.42625
27.3725
27.31875
27.265
27.21125
27.1575
27.10375
27.05
26.635
26.22
26.3125
26.405
26.8475
27.29
26.5925
25.895
26.2125
26.53
26.19
25.85
26.6275
27.405
28.06
28.715
28.2675
27.82
28.745
29.67
30.37
31.07
31.79
32.51
32.2075
31.905
32.25
32.595
33.3725
34.15
34.480000000000004
34.81
34.5225
34.235
34.7975
35.36
35.3625
35.364999999999995
34.677499999999995
33.989999999999995
34.177499999999995
34.365
34.11
33.855000000000004
33.612500000000004
33.370000000000005
32.322500000000005
31.275
31.405
31.535
31.795
32.055
30.91
29.765
29.1825
28.6
27.1875
25.775
25.1475
24.52
24.6025
24.685
24.2225
23.76
23.9775
24.195
23.725
23.255
24.04
24.825000000000003
25.145000000000003
25.465
26.265
27.065
27.9
28.735
28.635
28.535
28.9525
29.37
30.0425
30.715
31.1725
31.630000000000003
31.6625
31.695
31.8925
32.09
31.735
31.38
31.66
31.94
31.945
31.95
31.86
31.77
31.6825
31.595
30.9575
30.32
30.0425
29.765
29.33
28.895
28.94
28.985
28.7375
28.49
27.64
26.79
26.1325
25.475
25.3925
25.31
25.1475
24.985
24.655
24.325
24.42
24.515
25.3725
26.23
26.195
26.16
25.9975
25.835
26.605
27.375
27.545
27.715
27.7275
27.74
28.27
28.8
28.9075
29.015
28.625
28.235
28.0775
27.92
28.0275
28.135
28.665
29.195
30.0975
31.0
30.815
30.63
31.372499999999995
32.114999999999995
32.245
32.375
31.9325
31.49
31.6675
31.845
32.0275
32.21
32.337500000000006
32.465
32.47
32.475
32.5925
32.71
32.345
31.98
31.450000000000003
30.92
30.005000000000003
29.09
28.81
28.53
27.8225
27.115
27.1575
27.200000000000003
26.55
25.9
25.27
24.64
24.4175
24.195
23.6675
23.14
23.1675
23.195
22.505000000000003
21.815
21.3775
20.94
20.84
20.74
21.8025
22.865
23.42
23.975
24.2275
24.48
24.61
24.74
25.625
26.51
26.2475
25.985
27.055
28.125
28.9425
29.76
29.595
29.43
30.2225
31.015
30.9425
30.87
31.2575
31.645
31.880000000000003
32.115
32.120000000000005
32.125
31.73
31.335
31.265
31.195
31.385
31.575
30.5525
29.53
29.6725
29.815
29.245
28.675
28.4
28.125
27.3525
26.58
26.195
25.81
25.1
24.39
23.74
23.09
23.05
23.01
23.07
23.130000000000003
22.6675
22.205
22.1975
22.19
22.37
22.55
23.0375
23.525
23.71
23.895
25.4025
26.91
27.0225
27.135
27.28
27.425
27.905
28.385
29.28
30.175
31.1175
32.06
32.72
33.379999999999995
33.4625
33.545
33.245000000000005
32.945
34.08
35.215
35.905
36.595
36.635
36.675
36.655
36.635
36.585
36.535
36.385
36.235
36.8
37.365
36.5375
35.71
35.375
35.04
34.425
33.81
33.57
33.33
32.7175
32.105000000000004
31.4075
30.71
30.0725
29.435
28.97
28.505
28.065
27.625
27.9875
28.35
28.2275
28.105
28.3575
28.61
28.0475
27.485
27.6525
27.82
27.6075
27.395
27.405
27.415
26.8425
26.27
25.475
24.68
24.71
24.74
24.7525
24.765
22.7175
20.67
20.9325
21.195
21.67
22.145
21.655
21.165
21.9225
22.68
22.98
23.28
23.41
23.54
24.245
24.95
25.175
25.4
26.29
27.18
26.9075
26.635
26.86
27.085
27.3525
27.62
27.9375
28.255
28.39
28.525
28.415
28.305
28.2475
28.19
28.1325
28.075
28.0175
27.96
27.8425
27.725
26.7775
25.83
26.1375
26.445
25.5125
24.58
23.9675
23.355
23.585
23.815
23.8075
23.8
24.0425
24.285
24.225
24.165
24.195
24.225
24.485
24.745
24.8575
24.97
25.12
25.27
24.5225
23.775
23.915
24.055
24.0275
24.0
25.2025
26.405
26.49416666666667
26.583333333333336
26.6725
26.761666666666667
26.85083333333333
26.94
27.120625
27.30125
27.481875
27.6625
27.843125
28.02375
28.204375
28.385
28.2625
28.14
28.4625
28.785
29.2325
29.68
29.2925
28.905
29.0825
29.26
29.4475
29.635
29.6075
29.58
30.07
30.56
29.4625
28.365
28.1225
27.88
27.8025
27.725
27.83
27.935
28.365
28.795
30.480000000000004
32.165000000000006
31.785000000000004
31.405
31.6475
31.89
33.365
34.84
34.975
35.11
35.2675
35.425
36.3325
37.24
36.7375
36.235
37.38
38.525000000000006
38.2325
37.94
38.09
38.24
38.0525
37.865
38.435
39.005
38.04
37.075
37.16
37.245000000000005
36.705
36.165
35.84
35.515
34.94
34.365
34.067499999999995
33.77
33.13249999999999
32.495
31.765
31.035
30.505
29.975
30.92
31.865
31.015
30.165
28.9725
27.78
27.082500000000003
26.385
25.9625
25.54
25.745
25.95
27.73
29.51
29.51
29.51
29.51
29.51
29.51
29.51