42.975
42.975
42.975
42.975
42.975
42.975
42.975
41.888125
40.80125
39.714375
38.6275
37.540625
36.45375
35.366875
34.28
33.9625
33.645
33.315
32.985
32.325
31.665
31.815
31.965
31.9825
32.0
32.3425
32.685
32.44
32.195
31.6825
31.17
30.79
30.41
30.655
30.9
30.695
30.49
30.9775
31.465
32.475
33.485
32.7725
32.06
32.2525
32.445
33.1725
33.9
33.955
34.010000000000005
33.9125
33.815
33.629999999999995
33.445
32.86
32.275000000000006
32.315000000000005
32.355000000000004
32.4875
32.62
32.0
31.380000000000003
30.6425
29.905
29.745
29.585
29.1925
28.8
28.0925
27.385
28.2725
29.16
28.9775
28.795
29.6
30.405
30.725
31.045
31.0625
31.08
32.08
33.08
33.427499999999995
33.775
33.11
32.445
32.58
32.715
32.905
33.095
33.02
32.945
32.727500000000006
32.510000000000005
32.06
31.61
31.14
30.67
30.285
29.9
29.8175
29.735
28.25
26.765
26.52
26.275
26.1125
25.95
25.13
24.31
24.26
24.21
24.275
24.34
23.47
22.6
22.415
22.23
22.26
22.29
21.895
21.5
21.765
22.03
21.637500000000003
21.245
21.387500000000003
21.53
21.5425
21.555
22.67
23.785
23.4
23.015
22.945
22.875
22.905
22.935
23.692500000000003
24.45
24.988333333333333
25.526666666666667
26.065
26.60333333333333
27.141666666666666
27.68
27.7075
27.735
27.755
27.775
27.765
27.755
27.485
27.215
26.8675
26.52
26.2725
26.025
25.51
24.995
24.97
24.945
24.525
24.105
24.1075
24.11
22.83
21.55
20.915
20.28
20.0425
19.805
20.17
20.535
20.96
21.385
21.535
21.685
21.8375
21.99
23.0775
24.165
22.7925
21.42
21.6
21.78
21.3225
20.865
20.975
21.085
20.7575
20.43
19.9275
19.425
18.6175
17.810000000000002
18.22
18.630000000000003
16.815
15.0
15.88
16.759999999999998
17.115
17.47
18.1025
18.735
18.75
18.765
18.81
18.855
19.4575
20.06
20.3925
20.725
20.645
20.565
20.905
21.245
22.7875
24.33
25.1775
26.025
26.3425
26.66
27.21
27.76
28.255
28.75
29.105
29.46
29.9675
30.475
31.0925
31.71
32.7875
33.865
33.94
34.015
34.8875
35.76
36.05499999999999
36.35
36.7125
37.075
37.6925
38.31
39.19
40.07
39.995000000000005
39.92
40.355
40.79
41.1225
41.455
41.6025
41.75
42.6575
43.565
43.775
43.985
43.8225
43.66
44.25
44.84
44.7025
44.565
45.265
45.965
45.775
45.585
45.585
45.585