26.77
26.77
26.77
26.77
26.77
26.77
26.77
27.92125
29.0725
30.22375
31.375
32.52625
33.677499999999995
34.82875
35.98
37.955
39.93
39.43
38.93
38.775000000000006
38.620000000000005
38.690000000000005
38.760000000000005
37.795
36.83
36.68
36.53
35.6025
34.675
35.17
35.665
34.345
33.025
33.682500000000005
34.34
34.42
34.5
34.4225
34.345
34.7275
35.11
34.42
33.730000000000004
33.7425
33.754999999999995
33.58
33.405
32.45
31.495
31.2125
30.93
30.605
30.28
30.78
31.28
31.325000000000003
31.37
31.0
30.630000000000003
30.722500000000004
30.815
31.205
31.595
31.5475
31.5
30.61
29.72
29.9575
30.195
29.425
28.655
29.475
30.295
29.2225
28.15
27.59
27.03
27.2025
27.375
27.2225
27.07
26.6325
26.195
26.2875
26.38
26.3
26.22
25.81
25.4
25.2575
25.115
25.05
24.985
25.5125
26.04
26.51
26.98
27.31
27.64
28.4225
29.205
29.555
29.905
30.5075
31.11
31.245
31.38
31.765
32.15
32.125
32.1
32.4725
32.845
32.825
32.805
32.8
32.795
32.615
32.435
32.6975
32.959999999999994
31.8825
30.805
31.2
31.595
30.71
29.825
29.37
28.915
29.0125
29.11
27.845
26.58
26.2325
25.885
25.6475
25.41
24.58
23.75
23.49
23.23
22.9475
22.665
22.035
21.405
22.005
22.605
22.4925
22.380000000000003
21.7575
21.135
21.235
21.335
21.4375
21.54
21.4325
21.325
23.0475
24.77
25.425
26.08
26.1425
26.205
26.955
27.705
28.185
28.665
29.62
30.575000000000003
30.9225
31.27
31.1775
31.085
32.4675
33.849999999999994
33.6175
33.385000000000005
34.347500000000004
35.31
35.63
35.95
36.345
36.74
36.89
37.04
37.38
37.72
38.08
38.44
37.85
37.260000000000005
37.2
37.14
37.485
37.83
37.24
36.650000000000006
36.0775
35.504999999999995
35.1675
34.83
33.695
32.56
32.7975
33.035
32.1325
31.23
30.5075
29.785
29.4275
29.07
28.27
27.47
26.89
26.31
25.840000000000003
25.37
24.9
24.43
23.96
23.49
23.02
22.55
21.0975
19.645000000000003
19.56
19.475
19.7125
19.95
19.9475
19.945
19.18
18.415
19.49
20.565
20.270000000000003
19.975
20.29
20.605
20.4
20.195
20.665
21.135
21.415
21.695
23.0975
24.5
24.475
24.45
25.7425
27.035
27.2575
27.48
28.067500000000003
28.655
29.3425
30.03
29.93
29.83
30.1025
30.375
31.1
31.825
32.01
32.195
33.375
34.555
34.28
34.004999999999995
34.7175
35.43
35.385000000000005
35.34
35.160000000000004
34.980000000000004
35.4275
35.875
35.02
34.165
34.662499999999994
35.16
33.567499999999995
31.975
32.3125
32.65
32.8
32.95
31.78
30.61
30.7525
30.895
31.04
31.185
31.59
31.995
32.3875
32.78
34.0775
35.375
35.3875
35.400000000000006
37.205
39.01
37.815
36.620000000000005
37.697500000000005
38.775000000000006
38.975
39.175
39.4725
39.77
39.59
39.41
39.98
40.55
40.155
39.760000000000005
39.415000000000006
39.07
39.0775
39.085
38.7525
38.42
37.5625
36.705
36.4
36.095
35.905
35.715
34.6275
33.54
33.3425
33.145
33.4175
33.69
32.4
31.11
30.8
30.49
30.64
30.79
29.3375
27.885
27.3825
26.880000000000003
26.4475
26.015
25.885
25.755
25.885
26.015
25.8675
25.72
25.1325
24.545
24.5375
24.53
24.137500000000003
23.745
23.4375
23.13
22.525
21.92
21.7875
21.655
21.1375
20.62
19.505
18.39
18.7575
19.125
18.705
18.285
18.205
18.125
17.525
16.925
17.990000000000002
19.055
19.315
19.575000000000003
19.9
20.225
20.57
20.915
21.41
21.905
22.445
22.985
23.1575
23.33
23.4675
23.605
24.1225
24.64
24.6425
24.645000000000003
24.775
24.905
25.01
25.115
25.4875
25.86
25.53
25.2
24.97
24.74
24.125
23.51
23.075
22.64
22.34
22.04
22.59
23.14
23.3775
23.615
24.1575
24.7
25.4175
26.135
26.615
27.095
27.4075
27.72
28.39
29.06
29.345
29.63
29.9575
30.285
30.36
30.435
30.68
30.925
30.3375
29.75
29.8275
29.905
29.8625
29.82
29.81
29.8
29.8075
29.815
28.5575
27.3
27.7775
28.255000000000003
27.9475
27.64
26.465
25.29
25.29875
25.3075
25.31625
25.325
25.33375
25.3425
25.35125
25.36
25.556666666666665
25.75333333333333
25.95
26.146666666666665
26.343333333333334
26.54
26.736666666666668
26.933333333333334
27.13
27.326666666666668
27.523333333333333
27.72
27.916666666666668
28.113333333333333
28.31
28.506666666666668
28.703333333333333
28.9
29.096666666666668
29.293333333333333
29.49
29.686666666666667
29.883333333333333
30.08
30.276666666666667
30.473333333333336
30.67
30.866666666666667
31.063333333333336
31.26
30.29
29.32
29.1
28.880000000000003
27.5475
26.215
26.01
25.805
25.78
25.755
25.155
24.555
24.27
23.985
23.2425
22.5
22.2075
21.915
20.5675
19.22
19.915
20.61
20.7525
20.895000000000003
21.422500000000003
21.950000000000003
22.082500000000003
22.215
22.885
23.555
23.7025
23.85
24.5125
25.175
25.715
26.255
27.01
27.765
27.9375
28.11
28.4525
28.795
29.605
30.415
30.7425
31.07
32.2375
33.405
33.8425
34.28
34.7525
35.224999999999994
35.787499999999994
36.35
36.5975
36.845
37.3525
37.86
37.9
37.94
38.49
39.04
39.0
38.96
39.2525
39.545
39.3875
39.23
38.695
38.16
38.425
38.69
37.7125
36.735
36.76
36.785
35.9075
35.03
34.557500000000005
34.085
33.2175
32.349999999999994
32.24249999999999
32.135
32.0325
31.93
31.105
30.28
29.6275
28.975
27.965
26.955
26.915
26.875
26.185
25.495
25.6525
25.81
24.92
24.03
23.105
22.18
22.108125
22.03625
21.964375
21.8925
21.820625
21.74875
21.676875
21.605
21.065
20.525
19.54
18.555
18.905
19.255000000000003
20.57
21.885
21.42
20.955
21.7275
22.5
22.6575
22.815
22.3725
21.93
22.405
22.880000000000003
22.582500000000003
22.285
22.115
21.945
22.3175
22.69
23.3675
24.045
24.4975
24.95
25.385
25.82
25.9775
26.135
26.3325
26.53
26.68
26.83
27.5025
28.175
27.7975
27.42
27.5725
27.725
27.5525
27.38
26.725
26.07
26.0325
25.995
25.5925
25.19
24.810625
24.43125
24.051875
23.6725
23.293125
22.91375
22.534375
22.155
22.207500000000003
22.26
22.652500000000003
23.045
23.87
24.695
25.6
26.505000000000003
26.845
27.185
27.555
27.925
29.1175
30.31
30.387500000000003
30.465000000000003
30.9125
31.36
31.9825
32.605000000000004
32.69
32.775
33.6125
34.45
33.695
32.94
33.765
34.59
36.21
37.83
37.6775
37.525000000000006
37.665000000000006
37.805
38.175
38.545
37.8825
37.22
37.35
37.48
37.355
37.23
36.325
35.42
34.5925
33.765
33.77
33.775
33.61
33.445
32.614999999999995
31.785
31.6025
31.42
30.7475
30.075000000000003
29.565
29.055
28.9775
28.9
28.1025
27.305
26.685
26.065
25.442500000000003
24.82
24.415
24.01
23.5375
23.065
22.825
22.585
21.815
21.045
21.0325
21.02
20.5525
20.085
19.7525
19.42
19.87
20.32
20.1825
20.045
19.78
19.515
19.285
19.055
19.3225
19.59
20.4825
21.375
21.65
21.925
22.58
23.235
23.6225
24.01
27.55
31.090000000000003
29.0225
26.955
26.5
26.045
26.8425
27.64
28.2125
28.785
28.7925
28.8
29.3
29.8
29.565
29.33
29.22
29.11
29.185
29.26
29.215
29.17
28.6975
28.225
28.0375
27.85
27.3925
26.935
26.4375
25.94
25.31
24.68
25.0975
25.515
25.165
24.815
25.1175
25.42
25.92
26.42
27.012500000000003
27.605
27.3
26.995
27.832500000000003
28.67
29.245
29.82
29.615
29.41
29.2675
29.125
29.105
29.085
29.6375
30.19
29.58
28.97
28.9425
28.915
28.015
27.115
27.18
27.245
26.6425
26.04
26.41
26.78
26.4725
26.165
27.7175
29.27
29.535
29.8
30.21
30.62
32.162499999999994
33.705
33.6525
33.599999999999994
34.635
35.67
36.0475
36.425
36.8525
37.28
37.85
38.42
38.8975
39.375
39.5075
39.64
39.895
40.15
40.182500000000005
40.215
40.56
40.905
40.49
40.075
40.337500000000006
40.6
40.2575
39.915
39.790000000000006
39.665000000000006
39.23500000000001
38.80500000000001
38.5375
38.27
38.1325
37.995000000000005
37.4925
36.99
36.4075
35.825
35.6125
35.4
34.065
32.730000000000004
32.300000000000004
31.87
30.8575
29.845
29.72
29.595
28.595
27.595
27.6525
27.71
26.6325
25.555
26.2125
26.87
26.8175
26.765
27.935
29.105
28.915
28.725
29.6825
30.64
30.58
30.52
30.4625
30.405
30.2675
30.130000000000003
31.165000000000003
32.2
31.505000000000003
30.81
31.07
31.33
31.035
30.74
30.6575
30.575
30.295
30.015
29.7225
29.43
28.8875
28.345
28.275
28.205
27.75
27.295
27.02
26.745
26.0025
25.26
24.895
24.53
24.6175
24.705
24.505
24.305
24.8775
25.45
25.2975
25.145
25.185
25.225
25.0175
24.81
24.6025
24.395
24.1875
23.98
23.7725
23.565
25.2825
27.0
27.0775
27.155
27.655
28.155
28.91
29.665
29.8325
30.0
30.91
31.82
32.165000000000006
32.510000000000005
33.0
33.489999999999995
34.16
34.83
34.8275
34.825
34.9275
35.03
35.980000000000004
36.93
37.1425
37.355
37.3975
37.44
37.22
37.0
36.78
36.56
36.34
36.12
35.897499999999994
35.675
35.5575
35.44
35.14
34.84
34.045
33.25
32.55
31.85
31.95
32.05
31.43
30.81
29.825
28.84
29.005000000000003
29.17
27.87
26.57
26.4225
26.275
26.2525
26.23
25.1525
24.075
23.66
23.245
23.3975
23.55
23.6025
23.655
24.62
25.585
25.0425
24.5
25.0325
25.565
25.1575
24.75
25.455
26.16
26.66
27.16
27.5925
28.025
28.5625
29.1
29.475
29.85
30.6625
31.475
31.4075
31.34
31.735
32.13
31.74
31.35
32.4225
33.495000000000005
33.0675
32.64
33.1525
33.665000000000006
33.78
33.895
33.849999999999994
33.805
33.912499999999994
34.02
33.442499999999995
32.865
33.445
34.025
34.2425
34.46
34.46
34.46
34.46
34.46
34.46
34.46
34.46
34.46
34.46
34.46
34.46
34.46
34.46
34.46
34.46
34.46
34.46
34.46
34.46
34.46