43.54
43.54
43.54
43.54
39.91
39.2375
38.565
38.0875
37.61
37.8475
38.085
37.2225
36.36
35.985
35.61
35.495
35.379999999999995
34.5725
33.765
34.1525
34.54
34.489999999999995
34.44
34.905
35.370000000000005
34.325
33.28
34.79
36.3
35.004999999999995
33.71
33.0475
32.385000000000005
32.597500000000004
32.81
32.7375
32.665
32.8975
33.13
33.4225
33.715
33.08
32.445
33.834999999999994
35.224999999999994
34.8475
34.47
34.7625
35.055
34.55
34.045
34.0
33.955
33.885
33.815
34.3125
34.81
33.792500000000004
32.775
32.1025
31.43
31.2125
30.995
30.3175
29.64
29.625
29.61
28.6525
27.695
27.6125
27.53
26.8975
26.265
25.5225
24.78
24.495
24.21
23.895
23.58
23.91
24.24
23.8675
23.495
23.34
23.185
23.1525
23.12
23.975
24.83
24.8825
24.935
25.1575
25.38
25.3625
25.345
25.76
26.175
25.957500000000003
25.74
26.05
26.36
26.055
25.75
25.6275
25.505
25.2725
25.04
24.8675
24.695
23.9875
23.28
22.9775
22.675
22.875
23.075000000000003
23.0225
22.97
22.45
21.93
22.460833333333333
22.991666666666667
23.5225
24.05333333333333
24.58416666666667
25.115
25.1875
25.26
25.3725
25.485
25.5625
25.64
26.4125
27.185
27.2275
27.27
27.9125
28.555
28.8175
29.08
29.015
28.950000000000003
29.43
29.91
29.8775
29.845
29.3325
28.82
28.9475
29.075000000000003
28.845
28.615
28.4325
28.25
27.325
26.4
26.5375
26.675
25.6175
24.56
23.9775
23.395
24.045
24.695
23.59
22.485
22.6025
22.72
23.4075
24.095
24.55
25.005000000000003
24.565
24.125
24.825
25.525
26.6375
27.75
28.235
28.72
29.365
30.01
30.435
30.86
30.285
29.71
30.545
31.38
31.925
32.47
33.11
33.75
33.89
34.03
34.1775
34.325
34.480000000000004
34.635
34.254999999999995
33.875
33.5925
33.31
34.155
35.0
34.76
34.52
34.772499999999994
35.025
33.7025
32.38
31.8375
31.295
31.2975
31.3
30.665
30.03
29.985
29.94
29.72
29.5
28.4725
27.445
27.09
26.735
26.3725
26.01
24.7875
23.565
24.83
26.095
25.495
24.895
24.9175
24.94
26.0425
27.145000000000003
27.595
28.045
28.3275
28.61
28.9075
29.205
29.54
29.875
29.49
29.105
29.035
28.965
29.3925
29.82
29.5225
29.225
29.135
29.045
29.130000000000003
29.215
28.94
28.665
28.0375
27.41
26.895000000000003
26.380000000000003
26.317500000000003
26.255
25.8275
25.4
25.265
25.130000000000003
24.165
23.2
22.9925
22.785
22.2325
21.68
21.55
21.42
20.8575
20.295
20.1525
20.01
19.635
19.26
19.295
19.33
20.7225
22.115
22.185
22.255000000000003
23.105
23.955
23.8
23.645
23.8625
24.08
24.68
25.28
25.2175
25.155
25.1975
25.24
25.805
26.37
26.425
26.48
26.2525
26.025
25.565
25.105
24.6025
24.1
23.8625
23.625
24.2075
24.79
25.7425
26.695
26.2725
25.85
26.355
26.86
26.8125
26.765
27.1425
27.52
27.065
26.61
26.11
25.61
25.585
25.56
24.895
24.23
24.2175
24.205
22.555
20.905
20.29
19.675
19.527500000000003
19.380000000000003
20.1425
20.905
21.39
21.875
21.4
20.925
20.9875
21.05
21.1625
21.275
21.495
21.715
22.01
22.305
22.17
22.035
23.35
24.665
25.4875
26.31
26.3925
26.475
27.3925
28.31
28.192500000000003
28.075
29.3725
30.67
31.18
31.69
31.905
32.12
32.30499999999999
32.489999999999995
33.1675
33.845
34.1625
34.480000000000004
35.940000000000005
37.400000000000006
37.5975
37.795
38.67
39.545
40.5775
41.61
42.0975
42.585
42.475
42.365
42.807500000000005
43.25
43.2575
43.265
43.7975
44.33
43.8325
43.335
43.64
43.94499999999999
43.69499999999999
43.445
43.41
43.375
42.625
41.875
41.695
41.515
41.175
40.835
39.52
38.205
38.415
38.625
38.09
37.555
36.947500000000005
36.34
35.120000000000005
33.9
33.695
33.49
32.83
32.17
31.567500000000003
30.965000000000003
30.5075
30.05
29.145
28.24
28.115
27.99
27.0025
26.015
26.1425
26.27
25.8
25.33
24.9025
24.475
24.99
25.505000000000003
25.6025
25.7
25.91
26.12
26.1625
26.205
26.1025
26.0
26.1075
26.215
26.43
26.645
27.03
27.415
27.01
26.605
26.1625
25.72
25.3525
24.985
24.69
24.395
23.875
23.355
24.7375
26.12
26.3275
26.535
26.6525
26.77
27.0025
27.235
27.27
27.305
27.3625
27.42
27.39
27.36
27.3975
27.435
27.1825
26.93
26.4775
26.025
25.9925
25.96
25.0375
24.115
24.2725
24.43
23.8025
23.175
23.215
23.255
22.8925
22.53
22.9275
23.325
23.945
24.565
24.97
25.375
26.345
27.315
27.265
27.215
27.44
27.665
28.495
29.325000000000003
29.37
29.415
29.7925
30.17
30.565
30.96
30.765
30.57
31.805
33.04
32.56
32.08
33.315
34.55
34.5225
34.495000000000005
34.735
34.974999999999994
35.2525
35.53
36.1125
36.695
36.3425
35.989999999999995
35.677499999999995
35.364999999999995
34.95
34.535
34.16
33.785
33.4625
33.14
32.795
32.45
32.0775
31.705
31.1625
30.62
30.29
29.96
29.137500000000003
28.315
28.1575
28.0
27.1625
26.325
26.075000000000003
25.825000000000003
25.14
24.455
24.0
23.545
23.425
23.305
22.495
21.685
21.477500000000003
21.270000000000003
21.87
22.47
22.86
23.25
23.6825
24.115
24.53375
24.9525
25.37125
25.79
25.61
25.43
25.675
25.92
26.3325
26.745
26.94
27.135
26.61
26.085
26.56
27.035
26.6775
26.32
26.1525
25.985
25.449166666666667
24.91333333333333
24.3775
23.841666666666665
23.30583333333333
22.77
24.0325
25.295
25.1075
24.92
25.2925
25.665
25.9175
26.17
26.3625
26.555
26.715
26.875
26.7425
26.61
26.4175
26.225
27.0925
27.96
29.21
30.46
31.1775
31.895
31.8225
31.75
31.4825
31.215
33.0125
34.81
34.595
34.379999999999995
34.8775
35.375
34.8475
34.32
34.932500000000005
35.545
36.185
36.825
36.1625
35.5
34.9375
34.375
34.6025
34.83
34.379999999999995
33.93
33.59
33.25
33.0275
32.805
31.755
30.705
30.135
29.565
29.31
29.055
28.525
27.995
27.8475
27.700000000000003
28.0875
28.475
28.835
29.195
29.275
29.355
29.15
28.945
29.41
29.875
29.9025
29.93
28.9475
27.965
28.1625
28.36
27.8125
27.265
26.81
26.355
26.7625
27.17
27.76
28.35
28.545
28.74
29.3125
29.885
30.435
30.985
31.4425
31.9
32.5075
33.115
33.212500000000006
33.31
34.35
35.39
35.5075
35.625
35.5375
35.45
36.36
37.27
37.25333333333334
37.23666666666667
37.22
37.20333333333333
37.18666666666667
37.17
37.11
37.05
36.585
36.120000000000005
35.795
35.47
35.79
36.11
34.052499999999995
31.995
32.629999999999995
33.265
32.16
31.055
31.0625
31.07
29.8075
28.545
28.1675
27.79
28.78
29.770000000000003
29.475
29.18
30.425
31.67
32.11
32.55
32.7375
32.925
32.7125
32.5
32.4675
32.435
32.565
32.695
32.525000000000006
32.355000000000004
32.097500000000004
31.84
31.3675
30.895
30.9
30.905
30.317500000000003
29.73
28.85
27.97
28.2375
28.505000000000003
27.49
26.475
26.33
26.185
25.62
25.055
25.2775
25.5
25.7075
25.915
25.96
26.005000000000003
25.79
25.575
25.7975
26.020000000000003
26.25
26.48
26.5475
26.615
26.155
25.695
25.61
25.525
25.2775
25.03
25.875
26.72
27.58
28.44
28.9175
29.395
30.2375
31.08
31.2975
31.515
32.28
33.045
33.515
33.985
34.805
35.625
35.77
35.915
36.765
37.615
37.932500000000005
38.25
38.73
39.21
39.307500000000005
39.405
39.46
39.515
39.9225
40.33
40.0925
39.855
40.095
40.335
40.0225
39.71
39.3325
38.955
38.4225
37.89
37.82
37.75
36.7025
35.655
35.63
35.605000000000004
34.8575
34.11
33.4625
32.815
32.2825
31.75
31.61
31.47
30.47
29.47
28.535
27.6
27.15
26.700000000000003
26.21
25.72
25.5875
25.455
24.9175
24.380000000000003
23.905
23.43
23.33
23.23
23.01
22.79
23.2175
23.645
23.945
24.245
23.9575
23.67
23.535
23.4
23.6625
23.925
23.4
22.875
23.025
23.175
22.99
22.805
22.26
21.715
22.855
23.995
24.585
25.175
25.5425
25.91
25.915
25.92
26.0325
26.145
26.3225
26.5
26.9125
27.325
27.12
26.915
26.5675
26.22
26.295
26.37
26.215000000000003
26.06
25.5425
25.025
24.1575
23.29
23.01
22.73
22.805
22.880000000000003
22.7925
22.705
22.85
22.995
23.8025
24.61
24.5125
24.415
25.1375
25.86
26.815
27.77
27.98
28.19
28.215
28.24
28.955
29.67
30.9575
32.245
32.4475
32.65
32.9525
33.254999999999995
33.5725
33.89
34.8025
35.715
36.235
36.755
37.557500000000005
38.36
38.5
38.64
38.65
38.66
38.695
38.73
39.405
40.08
39.56
39.040000000000006
39.395
39.75
39.7875
39.825
39.77
39.715
39.335
38.955
38.59
38.225
38.5425
38.86
38.4825
38.105
38.0225
37.94
37.1525
36.365
35.24250000000001
34.120000000000005
34.057500000000005
33.995000000000005
33.072500000000005
32.150000000000006
31.227500000000003
30.305000000000003
29.3825
28.46
28.46
28.46
28.5375
28.615
27.655
26.695
27.3025
27.91
28.435
28.96
28.1875
27.415
27.9325
28.45
28.02
27.59
28.035
28.48
28.5975
28.715
29.295
29.875
30.8825
31.89
31.62
31.35
32.1225
32.895
32.2525
31.61
32.175
32.74
32.4075
32.075
32.61
33.145
32.6875
32.23
32.0975
31.965000000000003
31.727500000000003
31.49
31.4325
31.375
31.2275
31.08
29.96
28.84
28.55
28.26
27.9875
27.715
27.705
27.695
27.5775
27.46
27.12
26.78
26.7725
26.765
26.335
25.905
25.71
25.515
24.765
24.015
23.865
23.715
23.58
23.445
23.0
22.555
22.9225
23.29
22.095
20.9
21.5875
22.275
20.9325
19.59
20.840000000000003
22.090000000000003
22.1075
22.125
22.2425
22.36
22.585
22.81
23.06
23.31
23.4775
23.645
24.0175
24.39
24.33
24.27
25.3375
26.405
27.215
28.025
28.025
28.025
28.025
28.025
28.025
28.025
28.025
28.025
28.025
28.025
28.025
28.025
28.025
28.025
28.025