34.48
34.48
34.48
34.48
34.48
34.48
34.48
34.48
34.48
34.48
34.48
34.48
34.48
34.3921875
34.304375
34.216562499999995
34.12875
34.0409375
33.953125
33.8653125
33.7775
33.6896875
33.601875
33.5140625
33.42625
33.338437500000005
33.250625
33.1628125
33.075
31.8975
30.72
30.955
31.19
29.645
28.1
28.6225
29.145
29.19
29.235
29.06
28.885
28.345
27.805
28.6675
29.53
30.0575
30.585
30.6
30.615
30.7425
30.87
31.39
31.91
31.995
32.08
31.5125
30.945
31.7825
32.620000000000005
32.11
31.6
32.087500000000006
32.575
32.22
31.865
31.215
30.565
29.955
29.345
29.8875
30.43
30.085
29.74
29.785
29.83
30.24
30.65
30.8575
31.065
32.4825
33.9
34.14
34.379999999999995
34.665
34.95
35.7525
36.555
36.9225
37.290000000000006
36.98
36.67
37.09
37.510000000000005
37.6275
37.745
37.99
38.235
37.6125
36.99
37.1225
37.255
37.1125
36.97
36.515
36.06
35.8
35.54
35.39
35.239999999999995
35.0775
34.915
33.2425
31.57
31.2975
31.025
30.8075
30.59
29.7775
28.965
28.5575
28.15
27.375
26.6
26.46
26.32
26.3
26.28
26.575000000000003
26.87
27.12
27.37
27.51
27.65
27.585
27.52
27.4625
27.405
27.475
27.545
27.1275
26.71
26.1225
25.535
25.385
25.235
24.9875
24.74
24.31
23.88
23.71
23.54
23.7275
23.915
23.31
22.705
22.9075
23.11
22.695
22.28
22.7475
23.215
22.91583333333333
22.616666666666667
22.317500000000003
22.01833333333333
21.719166666666663
21.42
20.0475
18.675
19.5575
20.44
19.9175
19.395
19.6
19.805
19.76
19.715
19.61
19.505000000000003
20.34
21.175
21.7725
22.37
22.597500000000004
22.825000000000003
23.385
23.945
23.9975
24.05
24.1625
24.275
24.66
25.045
24.6825
24.32
24.4675
24.615
24.685
24.755
25.60083333333333
26.446666666666665
27.2925
28.13833333333333
28.984166666666667
29.83
29.395
28.96
29.78
30.6
30.807142857142857
31.01428571428572
31.22142857142857
31.42857142857143
31.63571428571429
31.842857142857145
32.05
32.25714285714286
32.464285714285715
32.67142857142857
32.878571428571426
33.08571428571429
33.292857142857144
33.5
33.5
33.5
33.5
33.5
33.5
33.5
33.5
33.5