31.82
31.82
31.82
31.82
31.82
31.82
31.82
31.82
31.82
31.82
31.82
31.82
31.82
31.82
31.82
31.82
31.82
31.82
31.82
31.82
31.82
31.82
31.82
31.7825
31.745
32.5475
33.35
34.7225
36.095
35.0975
34.099999999999994
34.94
35.78
36.305
36.83
36.14
35.45
35.7025
35.955
35.69
35.425
35.1325
34.84
34.7025
34.565
34.405
34.245
33.739999999999995
33.235
33.195
33.155
32.535
31.915
31.745
31.575
30.4375
29.3
28.905
28.51
28.16
27.81
27.175
26.54
25.8775
25.215
24.975
24.735
24.5575
24.38
24.765
25.15
25.8
26.450000000000003
26.885
27.32
27.2675
27.215
27.945
28.675
29.6325
30.59
30.74
30.89
30.9525
31.015
31.2475
31.48
31.675
31.87
32.307500000000005
32.745000000000005
32.255
31.765
31.9625
32.160000000000004
32.11
32.06
31.6025
31.145
30.905
30.665
30.02
29.375
28.7775
28.18
28.5775
28.975
28.5825
28.19
27.7725
27.355
27.715000000000003
28.075000000000003
27.365
26.655
26.73
26.805
27.51
28.215
28.96
29.705
29.365
29.025
30.5925
32.16
32.052499999999995
31.945
32.572500000000005
33.2
33.307500000000005
33.415
33.542500000000004
33.67
34.7775
35.885
35.3425
34.8
34.81
34.82
34.815
34.81
34.0625
33.315
33.730000000000004
34.145
33.975
33.805
33.7775
33.75
32.807500000000005
31.865
31.625
31.385
31.2825
31.18
30.4275
29.675
28.9025
28.13
26.965
25.8
25.9825
26.165
26.4325
26.7
27.1575
27.615
27.825000000000003
28.035
28.4275
28.82
28.6775
28.535
28.277500000000003
28.020000000000003
28.195
28.37
28.7175
29.065
29.1275
29.19
28.305
27.42
27.012500000000003
26.605
26.7225
26.84
26.6575
26.475
25.6325
24.79
24.5675
24.345
24.0275
23.71
23.5
23.29
23.725
24.16
24.12
24.08
23.1475
22.215
21.2825
20.35
20.7225
21.095
21.9875
22.880000000000003
22.8375
22.795
23.0625
23.33
23.705
24.08
23.8
23.52
23.955
24.39
24.5575
24.725
24.1275
23.53
23.5975
23.665
23.4175
23.17
23.1875
23.205
24.415
25.625
26.165
26.705
26.615
26.525
27.35
28.175
28.04
27.905
28.2675
28.63
29.105
29.58
29.66
29.74
30.035
30.33
30.475
30.62
31.847500000000004
33.075
33.8725
34.67
35.9575
37.245000000000005
36.3
35.355000000000004
36.535
37.715
37.572500000000005
37.43000000000001
38.1475
38.865
38.905
38.94499999999999
39.16499999999999
39.385
39.55
39.715
39.7625
39.81
39.72
39.63
40.065
40.5
40.0275
39.555
39.462500000000006
39.370000000000005
39.1425
38.915
37.6675
36.42
36.795
37.17
36.2475
35.325
34.8375
34.349999999999994
33.3275
32.305
31.7125
31.12
31.255
31.39
30.15
28.91
28.845
28.78
28.8825
28.985
29.4425
29.9
30.4775
31.055
30.7175
30.380000000000003
31.3425
32.305
32.5625
32.82
33.072500000000005
33.325
33.650000000000006
33.975
33.61750000000001
33.260000000000005
33.205000000000005
33.150000000000006
32.72
32.29
32.537499999999994
32.785
32.2025
31.62
31.345
31.07
31.3225
31.575000000000003
30.7725
29.97
29.6525
29.335
28.355
27.375
27.355
27.335
26.36
25.385
25.995
26.605
26.39
26.175
26.08
25.985
26.3725
26.76
26.9625
27.165
27.165
27.165
27.0275
26.89
26.4
25.91
25.28
24.65
24.5975
24.545
24.005000000000003
23.465
23.880000000000003
24.295
23.8325
23.37
23.635
23.9
22.69
21.48
21.96
22.44
22.3
22.16
21.2375
20.315
21.08
21.845
21.91
21.975
22.235
22.495
23.2975
24.1
24.46
24.82
25.035
25.25
25.3125
25.375
25.8225
26.27
26.235
26.2
26.19
26.18
26.735
27.29
26.8375
26.385
26.3725
26.36
26.32
26.28
25.8775
25.475
25.365
25.255
24.637500000000003
24.020000000000003
23.852500000000003
23.685
23.0375
22.39
22.42
22.45
21.2375
20.025
20.9125
21.8
20.8975
19.995
22.2575
24.52
24.3825
24.245
24.22
24.195
24.6625
25.13
25.1
25.07
25.4775
25.885
25.97
26.055
26.2825
26.51
26.4925
26.475
26.3975
26.32
26.7825
27.245
27.15
27.055
27.0675
27.08
27.41
27.74
27.925
28.11
27.6625
27.215
27.455
27.695
27.8675
28.04
27.3
26.56
27.955
29.35
29.9025
30.455
31.7725
33.09
32.650000000000006
32.21
33.067499999999995
33.925
34.5025
35.08
35.275
35.47
35.899166666666666
36.32833333333333
36.7575
37.18666666666667
37.615833333333335
38.045
38.47416666666666
38.90333333333333
39.3325
39.76166666666666
40.19083333333333
40.62
41.11
41.6
42.477500000000006
43.355
43.1175
42.88
43.3775
43.875
43.985
44.095
44.205
44.315
44.3525
44.39
43.89
43.39
43.5075
43.625
42.92
42.215
42.175
42.135000000000005
41.4525
40.77
40.5125
40.255
39.3225
38.39
38.355
38.32
37.7975
37.275
36.7125
36.15
35.08
34.01
33.980000000000004
33.95
32.88
31.81
30.8925
29.975
28.8625
27.75
27.71
27.67
27.295
26.92
25.9625
25.005
24.1
23.195
22.7475
22.3
23.245
24.19
23.535
22.88
22.71
22.54
23.0375
23.535
24.2075
24.88
25.095
25.31
26.0925
26.875
27.7325
28.59
27.76
26.93
28.44
29.95
29.887500000000003
29.825000000000003
30.6275
31.43
31.755
32.08
32.2375
32.395
32.879999999999995
33.364999999999995
33.9475
34.53
35.0325
35.535
35.0
34.465
35.025
35.584999999999994
35.592499999999994
35.599999999999994
35.84
36.08
35.7
35.32
35.68
36.04
35.49249999999999
34.94499999999999
33.7925
32.64
32.31
31.98
31.5375
31.095
30.625
30.155
29.6575
29.16
28.1225
27.085
26.9025
26.72
25.9175
25.115
24.93
24.745
24.2825
23.82
23.2925
22.765
21.9475
21.130000000000003
21.185
21.24
21.6525
22.065
22.32
22.575
23.025
23.475
23.985
24.495
24.815
25.135
25.765
26.395000000000003
27.222500000000004
28.05
27.8375
27.625
27.567500000000003
27.51
28.152500000000003
28.795
28.41
28.025
28.6075
29.19
28.935
28.68
28.91
29.14
28.99
28.84
28.4475
28.055
27.7475
27.44
27.45
27.46
26.5875
25.715
25.4075
25.1
24.255000000000003
23.41
23.7875
24.165
18.5475
12.93
18.955
24.98
25.17
25.36
25.765
26.17
26.06
25.95
26.04
26.130000000000003
26.340000000000003
26.55
26.3725
26.195
26.1025
26.01
25.4425
24.875
25.155
25.435
25.0725
24.71
23.6875
22.665
23.435
24.205
23.8675
23.53
24.8875
26.245
26.49
26.735
26.8875
27.04
27.285
27.53
28.425
29.32
29.225
29.13
29.17
29.21
29.4625
29.715
29.7175
29.72
29.74
29.76
29.3875
29.015
29.2075
29.4
29.5425
29.685
30.1075
30.53
30.87
31.21
31.665000000000003
32.120000000000005
32.18000000000001
32.24
33.46
34.68
34.595
34.510000000000005
34.9275
35.345
35.2925
35.239999999999995
35.239999999999995
35.239999999999995
35.239999999999995
35.239999999999995
35.239999999999995
35.239999999999995
35.239999999999995
35.239999999999995
35.239999999999995
35.239999999999995
35.239999999999995
35.239999999999995
35.239999999999995
35.239999999999995
35.239999999999995
35.239999999999995
35.239999999999995
35.239999999999995