38.81
38.81
38.81
38.81
38.81
38.81
38.81
36.99
35.17
36.0825
36.995000000000005
37.5175
38.04
37.6275
37.215
37.6725
38.13
37.91
37.69
37.71
37.73
37.7325
37.735
36.9925
36.25
36.425
36.6
35.7075
34.815
34.6075
34.4
34.5625
34.725
34.0175
33.31
32.1625
31.015
30.8025
30.59
30.1975
29.805
29.4475
29.09
28.887500000000003
28.685
27.575000000000003
26.465000000000003
26.3675
26.27
26.295
26.32
25.58
24.84
25.22
25.6
25.0925
24.585
23.950000000000003
23.315
22.3825
21.450000000000003
21.67
21.89
21.2975
20.705
20.6475
20.59
21.6225
22.655
22.9275
23.200000000000003
22.97
22.74
23.41
24.08
23.985
23.89
23.79
23.69
24.47
25.25
25.665
26.08
25.66
25.24
25.23
25.22
25.523333333333333
25.826666666666664
26.13
26.433333333333334
26.736666666666665
27.04
26.7275
26.415
26.6925
26.97
27.1575
27.345
26.92
26.495
26.68
26.865
26.5475
26.23
25.82
25.41
24.9875
24.565
24.235
23.905
22.78
21.655
21.2675
20.88
20.245
19.61
19.635
19.66
20.0
20.34
20.442500000000003
20.545
20.6825
20.82
20.7975
20.775
20.6075
20.44
20.5475
20.655
20.585
20.515
20.59
20.665
20.565
20.465
20.465
20.465
20.6575
20.85
21.4725
22.095
22.525
22.955
23.565
24.175
24.755
25.335
25.305
25.275
25.725
26.175
26.56
26.945
26.95
26.955
27.1675
27.38
27.6975
28.015
27.705
27.395
27.225
27.055
26.6
26.145
26.635
27.125
27.025
26.925
26.8725
26.82
28.16
29.5
29.3425
29.185
30.635
32.085
31.9775
31.87
32.525
33.18
33.4975
33.815
34.3925
34.97
35.73
36.49
36.54
36.59
36.785
36.98
38.2775
39.575
38.8925
38.21
39.225
40.24
39.92
39.6
39.7975
39.995
40.5525
41.11
40.795
40.48
40.735
40.99
40.49
39.99
40.065
40.14
40.182500000000005
40.225
40.2675
40.31
38.795
37.28
36.94
36.6
35.455
34.31
34.225
34.14
33.355000000000004
32.57
32.93000000000001
33.290000000000006
32.932500000000005
32.575
31.9225
31.27
30.97
30.67
30.07
29.47
28.83
28.19
27.9825
27.775
27.4075
27.04
26.25
25.46
24.9725
24.485
24.75
25.015
26.3375
27.66
27.79
27.92
27.815
27.71
28.6475
29.585
29.8525
30.12
30.045
29.97
30.455
30.94
31.2
31.46
31.3375
31.215
31.69
32.165
32.04
31.915
31.755
31.595
31.6
31.605
31.125
30.645
30.4175
30.19
29.305
28.42
28.64
28.86
27.7525
26.645
27.215
27.785
26.445
25.105
24.845
24.585
23.975
23.365
22.94
22.515
22.325
22.135
21.6525
21.17
21.9125
22.655
22.89
23.125
23.6875
24.25
24.73
25.21
25.755
26.3
26.7825
27.265
27.4725
27.68
29.21
30.74
30.325000000000003
29.91
30.5275
31.145
31.905
32.665
33.120000000000005
33.575
33.99
34.405
34.0525
33.7
33.685
33.67
34.0925
34.515
34.2125
33.91
34.6825
35.455
35.0325
34.61
34.535
34.46
34.4825
34.505
33.995000000000005
33.485
32.9875
32.49
32.4975
32.505
31.12
29.735
29.485
29.235
28.565
27.895000000000003
27.045
26.195
26.025
25.855
24.9025
23.95
24.0225
24.095
24.4875
24.880000000000003
25.57
26.26
26.35
26.44
26.545
26.65
26.495
26.34
26.7425
27.145000000000003
27.5625
27.98
27.405
26.83
26.71
26.59
26.725
26.86
25.86
24.86
24.7775
24.695
24.6025
24.51
24.7675
25.025
25.0975
25.17
24.78
24.39
24.4925
24.595
24.3875
24.18
24.6475
25.115
25.520000000000003
25.925
25.89
25.855
26.47
27.085
27.0425
27.0
28.1825
29.365
29.6425
29.92
30.2775
30.635
30.7925
30.95
31.1875
31.425
31.29
31.155
31.5875
32.02
31.935
31.85
31.605
31.36
31.0325
30.705
30.2475
29.79
29.7375
29.685
28.73
27.775
27.7875
27.8
27.3025
26.805
26.3575
25.91
25.315
24.72
24.4875
24.255
23.6525
23.05
22.66
22.27
22.3075
22.345
22.94
23.535
23.135
22.735
24.2275
25.72
25.4725
25.225
26.085
26.945
27.515
28.085
27.77
27.455
27.6575
27.86
28.115
28.37
28.1375
27.905
27.7825
27.66
27.2775
26.895
27.3125
27.73
27.8075
27.885
27.99
28.095
28.705
29.315
29.71
30.105
29.69
29.275
29.1375
29.0
28.835
28.67
28.7425
28.815
28.69
28.565
27.72
26.875
26.87
26.865
26.3775
25.89
25.5525
25.215
24.8825
24.55
25.145000000000003
25.74
25.2875
24.835
25.9925
27.15
27.0625
26.975
26.5175
26.06
26.6225
27.185
26.99
26.795
26.675
26.555
26.5625
26.57
26.6425
26.715
26.48
26.245
26.4575
26.67
27.00625
27.3425
27.67875
28.015
28.35125
28.6875
29.02375
29.36
29.69625
30.0325
30.36875
30.705
31.04125
31.3775
31.71375
32.05
32.38625
32.7225
33.05875
33.395
33.73125
34.067499999999995
34.403749999999995
34.739999999999995
35.076249999999995
35.412499999999994
35.748749999999994
36.085
36.64
37.195
37.195
37.195
37.195
37.195
37.195
37.195
37.195