31.23
31.025
30.82
31.43166666666667
32.04333333333334
32.655
33.266666666666666
33.87833333333334
34.49
35.205
35.92
35.6475
35.375
35.34
35.305
34.739999999999995
34.175
33.7375
33.3
33.82
34.34
33.9625
33.584999999999994
32.385
31.185
30.745
30.305
30.0225
29.74
30.035
30.33
29.53
28.73
27.93
27.13
26.33
25.53
27.455
29.380000000000003
29.2475
29.115
29.455
29.795
29.880000000000003
29.965
29.5775
29.19
29.1775
29.165
29.19
29.215000000000003
28.8975
28.58
28.8475
29.115
28.94
28.765
28.745
28.725
28.255000000000003
27.785
28.14
28.495
27.94
27.385
27.0025
26.62
27.465
28.31
29.192500000000003
30.075000000000003
29.8725
29.67
29.4825
29.295
29.3225
29.35
29.76
30.17
30.567500000000003
30.965
30.0525
29.14
29.0975
29.055
29.6
30.145
29.88
29.615
29.12
28.625
28.055
27.485
28.425
29.365
30.1125
30.86
30.81
30.76
31.7775
32.795
33.61
34.425
35.08
35.735
35.69
35.645
36.62
37.595
37.9725
38.35
38.0925
37.835
38.375
38.915
38.615
38.315
38.885
39.455
39.1475
38.84
38.905
38.97
38.555
38.14
38.1925
38.245000000000005
37.6575
37.07
36.0525
35.035
35.55
36.065
34.955
33.845
33.239999999999995
32.635
32.3125
31.99
31.7025
31.415
31.47
31.525
30.96
30.395
30.305
30.215
30.5275
30.84
30.630000000000003
30.42
30.73
31.04
31.68
32.32
31.7925
31.265
31.2975
31.33
31.205
31.08
30.7675
30.455
30.2175
29.98
29.635
29.29
28.97
28.65
27.9025
27.155
26.5125
25.87
26.0725
26.275
26.0975
25.92
25.7475
25.575
25.8325
26.09
26.0975
26.105
26.0925
26.08
26.1025
26.125
26.1275
26.13
25.7275
25.325000000000003
24.8375
24.35
24.56
24.77
24.5025
24.235
23.945
23.655
22.880000000000003
22.105
22.3825
22.66
22.3075
21.955
22.36
22.765
22.515
22.265
22.3025
22.34
22.5875
22.835
22.61
22.385
22.765
23.145000000000003
23.0525
22.96
22.555
22.15
22.170625
22.19125
22.211875
22.2325
22.253125
22.27375
22.294375
22.315
22.005
21.695
21.355
21.015
20.2525
19.49
18.885
18.28
18.5325
18.785
18.825000000000003
18.865
19.14
19.415
19.225
19.035
19.535
20.035
19.89
19.745
19.707500000000003
19.67
20.05
20.43
20.8175
21.205
21.085
20.965
22.0975
23.23
23.66
24.09
24.52
24.950000000000003
25.380000000000003
25.81
26.24
26.67
26.805
26.94
26.9925
27.045
27.9175
28.79
28.8125
28.835
29.485
30.135
30.0475
29.96
30.5825
31.205
31.58
31.955
32.8525
33.75
33.7075
33.665
34.2625
34.86
34.99
35.120000000000005
35.92
36.72
36.875
37.03
36.6375
36.245000000000005
36.39
36.535
36.4825
36.43
37.2375
38.045
37.1725
36.3
35.6825
35.065
35.162499999999994
35.26
34.545
33.83
34.3775
34.925
33.7
32.475
32.1175
31.76
31.3625
30.965
31.685
32.405
30.9675
29.53
28.7475
27.965
27.8225
27.68
27.7475
27.815
28.265
28.715000000000003
29.365
30.015
30.37
30.725
31.7325
32.739999999999995
33.62
34.5
34.4625
34.425
34.9575
35.489999999999995
35.522499999999994
35.555
35.7425
35.93
35.515
35.1
36.3625
37.625
37.09
36.555
36.7825
37.01
36.3725
35.735
35.585
35.435
35.5125
35.59
35.6425
35.695
35.3725
35.05
34.495
33.94
33.665
33.39
33.935
34.480000000000004
33.0075
31.535
30.855
30.175
30.1675
30.16
29.1225
28.085
27.8725
27.66
27.4675
27.275
26.8825
26.49
26.0575
25.625
25.395
25.165
25.56
25.955
25.8775
25.8
25.7475
25.695
25.5325
25.37
25.61
25.85
25.95
26.05
25.7425
25.435
24.8275
24.22
23.86
23.5
23.0025
22.505000000000003
22.762500000000003
23.02
22.6975
22.375
22.56
22.745
22.9775
23.21
24.235
25.26
26.415
27.57
28.0575
28.545
28.9325
29.32
29.9125
30.505
31.58
32.655
32.8375
33.02
33.325
33.629999999999995
34.0175
34.405
35.230000000000004
36.055
36.29
36.525
36.9175
37.31
37.35
37.39
38.0075
38.625
38.7275
38.83
38.515
38.2
38.0275
37.855
37.765
37.675
37.72
37.765
37.3625
36.96
37.3275
37.695
37.385000000000005
37.075
36.955
36.835
36.14
35.44499999999999
34.092499999999994
32.739999999999995
32.552499999999995
32.364999999999995
32.1125
31.86
31.81
31.76
30.6875
29.615
29.125
28.635
29.2625
29.89
28.615
27.34
27.0275
26.715
25.705
24.695
24.7975
24.9
24.5025
24.105
24.59
25.075
25.185
25.295
25.6475
26.0
26.98
27.96
28.11
28.26
28.8075
29.355
29.66
29.965
29.9025
29.84
30.365
30.89
30.625
30.36
30.7325
31.105
31.48
31.855
32.005
32.155
31.1775
30.2
29.945
29.69
30.035
30.38
30.72
31.06
30.5625
30.065
30.45
30.835
31.11
31.385
31.07
30.755
30.285
29.815
31.1175
32.42
31.315
30.21
29.6
28.99
28.9325
28.875
30.36
31.845
31.6325
31.42
32.3825
33.345
34.3075
35.27
34.6025
33.935
34.225
34.515
35.005
35.495000000000005
35.99
36.485
36.0125
35.54
36.4825
37.425
37.2
36.975
36.5125
36.05
35.4025
34.754999999999995
35.265
35.775
35.425
35.075
34.345
33.614999999999995
33.6825
33.75
33.2925
32.834999999999994
31.875
30.915
30.22
29.525
28.875
28.225
28.16
28.095
27.6775
27.26
26.64
26.02
25.725
25.43
24.9975
24.565
25.34
26.115
26.315
26.515
26.7875
27.06
26.78
26.5
26.44
26.38
26.2925
26.205
26.03
25.855
25.8075
25.76
24.815
23.87
23.637500000000003
23.405
22.8575
22.31
21.942500000000003
21.575
21.675
21.775
21.8225
21.87
21.3925
20.915
20.74
20.565
20.925
21.285
21.2825
21.28
21.02
20.76
21.135
21.51
22.185
22.86
23.62
24.380000000000003
24.630000000000003
24.88
25.3575
25.835
26.42
27.005
27.7725
28.54
29.005
29.47
29.61
29.75
30.555
31.36
32.1
32.84
33.1875
33.535
34.2375
34.94
35.0925
35.245000000000005
36.267500000000005
37.290000000000006
37.545
37.8
38.065
38.33
38.2025
38.075
38.81
39.545
39.3625
39.18
39.1
39.02
38.6275
38.235
38.3625
38.49
37.9
37.31
37.3475
37.385000000000005
36.8325
36.28
35.16
34.04
34.599999999999994
35.16
34.805
34.45
33.865
33.28
32.82
32.36
32.2075
32.055
30.75
29.445
29.4775
29.51
29.2625
29.015
28.255000000000003
27.495
26.7175
25.94
25.5225
25.105
25.18
25.255000000000003
25.9475
26.64
26.89
27.14
27.1425
27.145
26.92
26.695
26.965
27.235
26.845
26.455
26.79
27.125
27.1625
27.200000000000003
27.5
27.8
27.825000000000003
27.85
28.005000000000003
28.16
28.4325
28.705
28.245
27.785
27.6
27.415
27.105
26.795
26.285
25.775
25.8025
25.83
26.1425
26.455
26.5625
26.67
26.5075
26.345
26.705
27.065
27.1475
27.23
27.08
26.93
26.7775
26.625
26.9825
27.34
27.262500000000003
27.185
27.4125
27.64
27.83
28.020000000000003
28.025
28.03
28.18
28.33
27.98
27.63
27.535
27.44
26.9225
26.405
26.6075
26.81
26.8875
26.965
27.53
28.095
28.5
28.905
28.915
28.925
29.0625
29.2
29.1475
29.095
28.8925
28.69
28.99
29.29
29.105
28.92
28.5475
28.175
27.82
27.465
26.575
25.685
26.5925
27.5
27.8425
28.185
28.185
28.185
28.185
28.185
28.185
28.185
28.185
28.185
28.185