37.41
34.1225
30.835
30.2525
29.67
29.262500000000003
28.855
28.5925
28.33
28.215
28.1
27.7475
27.395
27.805
28.215
27.515
26.815
26.5575
26.3
26.86
27.42
27.43
27.44
27.5425
27.645
27.7725
27.9
28.005
28.11
28.085
28.06
27.3775
26.695
27.785
28.875
29.96
31.045
30.817500000000003
30.59
30.69
30.79
30.8725
30.955
31.22
31.485
30.7325
29.98
30.3275
30.675
30.935
31.195
30.795
30.395
30.34
30.285
30.53
30.775
30.085
29.395
29.2075
29.02
28.0575
27.095
26.53
25.965
26.4075
26.85
26.5425
26.235
27.8075
29.38
30.035
30.69
30.7325
30.775
34.0325
37.29
35.334999999999994
33.379999999999995
33.59
33.8
33.81
33.82
34.1125
34.405
34.745000000000005
35.085
34.667500000000004
34.25
34.955
35.66
34.7275
33.795
34.16
34.525
33.44
32.355000000000004
32.690000000000005
33.025000000000006
31.825000000000003
30.625
30.5475
30.47
29.8375
29.205
28.8375
28.47
28.175
27.880000000000003
27.4125
26.945
26.6525
26.36
26.145
25.93
26.6825
27.435
27.54
27.645
28.06
28.475
29.1775
29.880000000000003
30.295
30.71
31.1225
31.535
31.5425
31.55
32.07
32.59
32.9825
33.375
32.97
32.565
32.8225
33.08
32.995
32.91
32.254999999999995
31.6
32.1175
32.635
32.317499999999995
32.0
31.55
31.1
31.1425
31.185
29.8925
28.6
28.735
28.87
28.16
27.45
27.4575
27.465
26.027500000000003
24.590000000000003
25.2825
25.975
25.012500000000003
24.05
23.105
22.16
22.1025
22.045
22.835
23.625
23.995
24.365
24.9675
25.57
26.3775
27.185
27.605
28.025
28.04
28.055
27.795
27.535
27.8725
28.21
27.82
27.43
27.35
27.27
27.17
27.07
27.1325
27.195
27.4925
27.79
27.43
27.07
27.25
27.43
26.79
26.15
25.725
25.3
25.485
25.67
24.82
23.97
24.5825
25.195
25.7375
26.28
26.0475
25.815
26.875
27.935
28.25
28.565
29.1125
29.66
30.235
30.81
30.93
31.05
31.7825
32.515
32.715
32.915
33.2775
33.64
33.59
33.54
33.5275
33.515
33.675
33.835
34.004999999999995
34.175
33.4575
32.74
32.58
32.42
32.7675
33.114999999999995
33.455
33.795
33.7625
33.730000000000004
33.6775
33.625
34.345
35.065
35.065
35.065
34.792500000000004
34.52
34.5475
34.575
34.597500000000004
34.620000000000005
33.627500000000005
32.635000000000005
32.535000000000004
32.435
32.32
32.205
31.8975
31.59
30.925
30.26
29.515
28.77
28.4175
28.065
27.215
26.365
26.7925
27.22
26.55
25.88
25.725
25.57
25.61
25.65
25.3825
25.115
24.6825
24.25
23.755
23.26
24.115
24.97
25.2325
25.495
25.5775
25.66
26.637500000000003
27.615
28.055
28.495
28.825
29.155
29.325
29.495
29.3575
29.22
30.9225
32.625
31.745
30.865
32.010000000000005
33.155
32.9975
32.84
33.0675
33.295
33.475
33.655
33.5925
33.53
33.1725
32.815
33.7425
34.67
33.4925
32.315
32.65
32.985
33.2275
33.47
33.955
34.44
34.3425
34.245000000000005
34.017500000000005
33.790000000000006
33.45
33.11
33.03
32.95
32.72
32.489999999999995
31.68
30.87
30.3625
29.855
29.76
29.665
28.9975
28.33
27.6575
26.985
27.2
27.415
26.3675
25.32
25.1975
25.075000000000003
26.1075
27.14
27.7775
28.415
28.215
28.015
28.3475
28.68
28.7775
28.875
29.145
29.415
29.37
29.325000000000003
29.025
28.725
28.875
29.025
29.04
29.055
28.47
27.885
28.0
28.115
27.5925
27.07
26.78
26.49
26.28
26.07
25.2575
24.445
24.455
24.465
24.155
23.845
24.7525
25.66
25.5975
25.535
25.97
26.405
26.6375
26.87
26.9275
26.985
27.015
27.045
27.1575
27.27
27.29
27.31
27.21
27.11
27.0875
27.065
26.6925
26.32
25.5825
24.845
24.6475
24.450000000000003
24.3025
24.155
22.965
21.775
22.345
22.915
23.565
24.215
24.5175
24.82
25.1875
25.555
25.585
25.615
26.9225
28.23
28.845
29.46
29.28
29.1
29.6325
30.165
31.535
32.905
32.5975
32.29
32.9525
33.614999999999995
34.0775
34.540000000000006
34.6525
34.765
34.445
34.125
33.91
33.695
34.0375
34.38
33.9875
33.595
33.685
33.775000000000006
33.602500000000006
33.43000000000001
32.44500000000001
31.46
31.2675
31.075000000000003
30.9325
30.79
30.065
29.34
28.205
27.07
27.3575
27.645
27.067500000000003
26.49
25.76
25.03
24.27
23.51
22.9125
22.315
21.85
21.385
20.4775
19.57
19.7825
19.995
20.2225
20.45
21.085
21.72
21.895
22.07
21.905
21.74
21.9725
22.205
23.465
24.725
24.637500000000003
24.55
24.1875
23.825
23.61
23.395
23.4925
23.59
23.8525
24.115
24.7175
25.32
25.35
25.380000000000003
26.6325
27.885
28.23
28.575
29.35
30.125
29.9675
29.81
30.5425
31.275
32.445
33.615
33.8475
34.08
34.2325
34.385
35.2375
36.09
35.945
35.8
35.4225
35.045
35.5075
35.97
35.60166666666667
35.233333333333334
34.864999999999995
34.49666666666666
34.12833333333333
33.76
33.7175
33.675
32.45
31.225
31.695
32.165
31.19
30.215000000000003
29.832500000000003
29.450000000000003
27.770000000000003
26.09
25.78
25.47
25.255
25.04
25.17
25.3
25.08
24.86
24.32
23.78
23.24
22.7
22.16
21.62
21.57333333333333
21.526666666666667
21.48
21.433333333333334
21.386666666666667
21.34
22.9575
24.575
24.9125
25.25
25.3575
25.465
26.23
26.995
27.0775
27.16
27.4125
27.665
27.6
27.535
27.92
28.305
27.9975
27.69
27.4825
27.275
28.045
28.815
29.4625
30.11
30.295
30.48
30.8425
31.205
31.315
31.425
32.0575
32.69
32.675
32.66
33.385
34.11
33.567499999999995
33.025
33.75
34.474999999999994
34.7025
34.93
34.7425
34.555
34.4225
34.29
33.489999999999995
32.69
33.3275
33.965
34.5025
35.04
33.962500000000006
32.885000000000005
32.2875
31.69
31.2675
30.845
31.5275
32.21
31.1025
29.995
29.8975
29.8
29.2025
28.605
28.86
29.115
28.995
28.875
28.22
27.565
26.7475
25.93
26.235
26.54
25.1575
23.775
23.495
23.215
22.8025
22.39
22.73
23.07
23.365
23.66
23.865
24.07
25.0675
26.065
26.09
26.115
26.865
27.615
27.56
27.505000000000003
28.852500000000003
30.200000000000003
30.2025
30.205
30.9625
31.72
31.2875
30.855
31.5975
32.34
33.052499999999995
33.765
34.05
34.335
34.620000000000005
34.905
34.587500000000006
34.27
34.3275
34.385000000000005
34.330000000000005
34.275000000000006
34.405
34.535
34.135
33.735
32.905
32.075
31.925
31.775
31.335
30.895000000000003
30.655
30.415
29.9075
29.4
28.3325
27.265
27.5725
27.880000000000003
28.4625
29.045
26.9675
24.89
24.5
24.11
24.41
24.71
25.57
26.43
26.6125
26.795
27.3075
27.82
28.5425
29.265
29.7525
30.24
30.9875
31.735
32.129999999999995
32.525
32.965
33.405
34.295
35.185
35.3475
35.51
35.00749999999999
34.504999999999995
35.4625
36.42
36.185
35.95
35.932500000000005
35.915
36.055
36.195
35.715
35.235
34.2725
33.31
33.565
33.82
32.879999999999995
31.94
32.817499999999995
33.695
32.557500000000005
31.42
30.94
30.46
30.5275
30.595
29.715
28.835
28.32
27.805
27.4
26.995
25.8475
24.700000000000003
25.6625
26.625
24.9025
23.18
23.435
23.69
23.3225
22.955
23.4075
23.86
24.215
24.57
25.0825
25.595
25.505
25.415
25.9
26.385
26.745
27.105
26.845
26.585
27.035
27.485
28.125
28.765
29.385
30.005000000000003
29.87
29.735
30.195
30.655
30.58
30.505000000000003
30.73
30.955
30.78
30.605
30.8725
31.14
30.58833333333333
30.03666666666667
29.485
28.933333333333334
28.381666666666668
27.83
27.27833333333333
26.726666666666667
26.175
25.62333333333333
25.071666666666665
24.52
23.8525
23.185
22.852500000000003
22.520000000000003
21.727500000000003
20.935
20.025
19.115
19.2325
19.35
19.0775
18.805
19.6525
20.5
21.3925
22.285
22.05
21.815
22.4225
23.03
23.235
23.44
24.345
25.25
25.78
26.31
26.725
27.14
27.765
28.39
28.705
29.02
29.21
29.4
29.6525
29.905
29.53
29.155
29.06
28.965
29.192500000000003
29.42
29.0175
28.615
28.905
29.195
28.0325
26.87
26.3125
25.755000000000003
25.675
25.595
24.565
23.535
24.185
24.835
24.2175
23.6
22.895
22.19
21.0225
19.855
20.4325
21.01
20.825
20.64
21.445
22.25
23.03
23.81
23.855
23.9
24.7875
25.675
25.365
25.055
25.27
25.485
25.1025
24.72
25.3425
25.965
26.555
27.145
26.9525
26.76
26.7525
26.745
26.1025
25.46
25.73
26.0
26.84
27.68
28.095
28.51
28.8975
29.285
30.137500000000003
30.99
32.040000000000006
33.09
33.97
34.849999999999994
34.934999999999995
35.02
36.1925
37.365
36.805
36.245000000000005
37.1475
38.05
38.5625
39.075
39.182500000000005
39.29
39.9025
40.515
40.39
40.265
40.41
40.555
40.55500000000001
40.55500000000001
40.225
39.895
40.0325
40.17
39.485
38.8
39.315
39.83
38.945
38.06
38.0675
38.075
37.150000000000006
36.225
35.50750000000001
34.790000000000006
33.17
31.550000000000004
31.35
31.15
31.01
30.87
30.12
29.37
29.255
29.14
28.9025
28.665
28.3175
27.97
27.5875
27.205
27.0
26.795
27.495
28.195
29.03
29.865
29.5175
29.17
28.53
27.89
27.6775
27.465
27.6675
27.87
27.8525
27.835
27.8975
27.96
27.3825
26.805
27.1675
27.53
27.95
28.37
28.5
28.630000000000003
29.442500000000003
30.255
31.1175
31.980000000000004
32.3825
32.785
32.3125
31.840000000000003
33.765
35.69
36.295
36.9
37.44
37.98
38.2175
38.455
38.5225
38.59
39.0225
39.455
39.5875
39.72
39.8375
39.955
40.0725
40.19
40.3075
40.425
40.49
40.555
41.0025
41.45
40.78
40.11
40.0975
40.085
40.09
40.095
39.555
39.015
38.932500000000005
38.85
38.52
38.19
37.365
36.54
35.6525
34.765
33.935
33.105000000000004
34.0625
35.02
33.9775
32.935
32.34
31.745
31.0875
30.43
30.265
30.1
29.9075
29.715
30.1325
30.55
31.115
31.68
32.0975
32.515
31.9325
31.35
31.71
32.07
32.4025
32.735
32.655
32.575
33.837500000000006
35.1
35.1
35.1
35.1
35.1
35.1
35.1
35.1
35.1
35.1
35.1
35.1
35.1
35.1
35.1
35.1
35.1