42.73
42.73
42.73
42.73
42.73
42.73
42.73
42.73
42.73
39.835
36.94
36.955
36.97
36.5325
36.095
35.4825
34.870000000000005
34.8025
34.735
35.21
35.685
34.925
34.165
33.795
33.425
33.3475
33.27
32.0175
30.765
30.82
30.875
30.0375
29.2
27.7375
26.275
26.8175
27.36
27.695
28.03
27.715
27.4
29.2675
31.135
31.5375
31.94
32.0125
32.085
33.545
35.005
34.875
34.745
34.647499999999994
34.55
35.175
35.8
35.955
36.11
35.5725
35.035
35.08
35.125
35.915
36.705
36.2675
35.83
35.56
35.29
35.19
35.09
34.9125
34.735
34.5475
34.36
34.1625
33.965
33.28
32.595
33.17
33.745000000000005
32.735
31.725
30.9525
30.18
28.82
27.46
28.3275
29.195
27.915
26.635
26.7475
26.86
26.3375
25.815
24.995
24.175
24.5925
25.01
25.0825
25.155
25.435
25.715
26.3225
26.93
27.23
27.53
27.4125
27.295
27.6
27.905
28.42
28.935
29.1275
29.32
29.2875
29.255000000000003
29.3025
29.35
29.1075
28.865
28.915
28.965
28.53
28.095
28.03
27.965
27.630000000000003
27.295
26.795
26.295
25.9725
25.65
25.5025
25.355
23.9625
22.57
22.9375
23.305
22.9725
22.64
22.615
22.59
23.4475
24.305
24.39
24.475
24.6625
24.85
24.817500000000003
24.785
25.0175
25.25
24.8925
24.535
24.4975
24.46
24.442500000000003
24.425
23.7875
23.15
23.0875
23.025
23.2775
23.53
23.91
24.29
24.3525
24.415
24.445
24.475
24.0425
23.61
23.8075
24.005
23.8675
23.73
23.2775
22.825
22.42
22.015
21.5175
21.02
20.9475
20.875
21.44
22.005
22.2875
22.57
22.8525
23.135
23.4175
23.7
24.24
24.78
25.41
26.04
26.34
26.64
27.17
27.7
28.23
28.76
29.29
29.82
29.5525
29.285
29.595
29.905
30.025
30.145
30.7775
31.41
31.3225
31.235
31.3625
31.49
31.4
31.31
31.4025
31.495
31.075
30.655
30.52
30.385
30.2175
30.05
30.035000000000004
30.020000000000003
29.44
28.86
29.3275
29.795
28.5225
27.25
28.3025
29.355
29.275
29.195
29.7425
30.29
29.675
29.06
28.775
28.49
28.7425
28.995
28.785
28.575
28.5325
28.49
28.425
28.36
28.07
27.78
27.1125
26.445
25.605
24.765
24.28
23.795
23.53
23.265
22.5825
21.9
21.7875
21.675
21.29
20.905
20.9725
21.04
21.2875
21.535
21.555
21.575
21.79
22.005000000000003
22.067500000000003
22.13
22.4425
22.755
22.145
21.535
21.78
22.025
22.0125
22.0
21.425
20.85
20.535
20.22
20.4525
20.685
21.1
21.515
22.3775
23.24
23.645000000000003
24.05
24.395000000000003
24.74
25.015
25.29
25.795
26.3
26.94
27.58
28.5075
29.435
29.565
29.695
30.535
31.375
31.4875
31.6
32.2375
32.875
33.045
33.215
34.56
35.905
36.3625
36.82
36.947500000000005
37.075
37.7075
38.34
38.2
38.06
38.2575
38.455
38.435
38.415000000000006
38.565000000000005
38.715
38.705
38.695
38.337500000000006
37.98
38.1875
38.395
39.005
39.615
38.475
37.335
36.355
35.375
35.305
35.235
34.96
34.685
34.055
33.425
32.9775
32.53
31.585
30.64
30.535
30.43
29.804375
29.17875
28.553125
27.9275
27.301875
26.67625
26.050625
25.425
25.880000000000003
26.335
25.3725
24.41
23.545
22.68
23.57
24.46
25.23166666666667
26.00333333333333
26.775
27.546666666666667
28.31833333333333
29.09
28.520000000000003
27.950000000000003
28.675
29.4
29.285
29.17
30.2125
31.255000000000003
31.525
31.795
32.4025
33.01
32.772499999999994
32.535
33.0875
33.64
33.5975
33.555
33.86
34.165
34.0075
33.85
34.125
34.4
33.7975
33.195
33.254999999999995
33.315
33.33
33.345
34.105000000000004
34.865
33.385000000000005
31.905
31.6975
31.49
30.630000000000003
29.770000000000003
29.03
28.29
28.5625
28.835
27.7
26.565
25.9525
25.34
25.045
24.75
25.5025
26.255000000000003
25.335
24.415
24.26
24.105
24.2425
24.38
24.875
25.37
26.1025
26.835
26.46
26.085
27.0675
28.05
28.4175
28.785
28.995
29.205
29.39
29.575000000000003
29.845
30.115
30.3925
30.67
30.4625
30.255000000000003
29.665
29.075
29.42
29.765
29.48
29.195
28.7025
28.21
27.75
27.29
27.2025
27.115
26.442500000000003
25.77
25.7825
25.795
25.72
25.645
26.065
26.485
26.6075
26.73
26.005000000000003
25.28
25.6325
25.985
25.775
25.565
25.9725
26.38
26.645
26.91
27.0975
27.285
27.28
27.275
27.06
26.845
27.2475
27.65
27.0525
26.455
26.3675
26.28
25.25
24.22
24.6725
25.125
24.7075
24.29
23.6
22.91
23.49
24.07
24.3325
24.595
24.67
24.745
25.0325
25.32
25.34
25.36
25.5125
25.665
25.5075
25.35
25.5525
25.755000000000003
25.402500000000003
25.05
24.9075
24.765
24.53
24.295
23.7575
23.22
23.355
23.49
22.51
21.53
21.605
21.68
21.66
21.64
22.1525
22.665
22.7175
22.77
22.6725
22.575000000000003
22.74
22.905
23.3125
23.72
23.4675
23.215
23.692500000000003
24.17
23.98
23.79
24.7275
25.665
26.25
26.835
26.61
26.385
26.8975
27.41
27.652500000000003
27.895000000000003
28.2375
28.58
28.6425
28.705
29.465
30.225
31.1075
31.99
32.715
33.44
33.5775
33.715
33.572500000000005
33.43
33.9975
34.565
34.7025
34.84
35.150000000000006
35.46
36.3
37.14
35.935
34.730000000000004
35.165
35.599999999999994
35.0425
34.485
34.58
34.675
33.8275
32.980000000000004
33.265
33.55
32.605
31.66
31.095
30.53
30.2825
30.035
29.455
28.875
28.065
27.255000000000003
27.22
27.185
26.695
26.205
26.1
25.995
25.8825
25.77
26.0175
26.265
26.225
26.185
25.9325
25.68
26.4475
27.215
26.6125
26.01
25.72
25.43
25.3525
25.275
25.06
24.845
24.425
24.005000000000003
24.155
24.305
24.15
23.995
23.76
23.525
24.035
24.545
24.7025
24.86
23.9275
22.995
23.28
23.565
23.665
23.765
24.085
24.405
24.9375
25.47
25.885
26.3
27.145
27.99
28.6425
29.295
29.445
29.595
30.1375
30.68
30.98
31.28
31.2975
31.315
32.355
33.395
33.434999999999995
33.474999999999994
33.825
34.175
34.2925
34.41
34.817499999999995
35.225
34.2875
33.35
34.17
34.99
34.88250000000001
34.775000000000006
34.42
34.065
34.1975
34.33
34.01
33.69
34.555
35.42
35.2575
35.095
36.5875
38.08
38.025
37.97
38.51
39.05
39.1125
39.175
40.185
41.195
41.4025
41.61
42.1375
42.665
42.650000000000006
42.635000000000005
43.16
43.685
43.682500000000005
43.68
44.16
44.64
44.29
43.94
43.565
43.19
42.7225
42.255
42.1625
42.07
41.5775
41.085
41.05
41.015
40.045
39.075
39.197500000000005
39.32
38.572500000000005
37.825
37.805
37.785
36.6775
35.57
35.2825
34.995
34.35249999999999
33.709999999999994
33.455
33.2
32.400000000000006
31.6
30.9775
30.355
30.1625
29.97
29.32
28.67
28.1
27.53
26.975
26.42
25.887500000000003
25.355
25.3675
25.38
26.0775
26.775
26.81
26.845
26.7525
26.66
27.2925
27.925
27.69
27.455
27.4825
27.51
27.7225
27.935
28.47
29.005000000000003
29.16
29.315
29.395
29.475
29.75
30.025
29.76
29.495
29.695
29.895
29.4475
29.0
28.89
28.78
28.1075
27.435
27.0525
26.67
26.275
25.880000000000003
25.0375
24.195
24.25
24.305
23.7675
23.23
22.53
21.83
21.1125
20.395
19.8625
19.33
18.75
18.17
17.595
17.02
17.6575
18.295
17.805
17.314999999999998
17.814999999999998
18.315
19.1025
19.89
20.4825
21.075000000000003
21.095
21.115
21.425
21.735
21.7425
21.75
21.77
21.79
22.29
22.79
22.52
22.25
21.9425
21.635
22.8175
24.0
25.1125
26.225
26.4675
26.71
27.745
28.78
29.295
29.81
30.0225
30.235
31.0
31.765
31.9575
32.15
32.29
32.43
33.010000000000005
33.59
33.3675
33.145
33.5475
33.95
34.6725
35.395
33.9025
32.41
32.537499999999994
32.665
31.3925
30.12
30.0775
30.035
30.067500000000003
30.1
29.9
29.7
29.015
28.33
28.155
27.98
27.4275
26.875
26.3275
25.78
26.255000000000003
26.73
26.3925
26.055
25.8625
25.67
25.5075
25.345
25.19
25.035
24.945
24.855
24.54
24.225
23.685
23.145
23.415
23.685
24.71
25.735
26.0175
26.3
26.645
26.99
27.34
27.69
28.3975
29.105
29.1975
29.29
29.9425
30.595
30.5575
30.520000000000003
29.925
29.33
32.055
34.78
36.5
38.22
38.4
38.58