42.1975
42.1975
42.1975
42.1975
42.1975
42.1975
42.1975
42.1975
37.395
36.235
35.075
35.4225
35.77
36.16
36.55
36.8175
37.085
36.44
35.795
35.072500000000005
34.35
35.0375
35.725
35.7025
35.68000000000001
35.745000000000005
35.81
35.822500000000005
35.835
35.2025
34.57
34.28
33.99
33.5825
33.175
32.575
31.975
31.0975
30.22
30.035
29.85
29.14
28.43
27.8975
27.365
27.0375
26.71
25.8825
25.055
25.2175
25.38
24.78
24.18
23.945
23.71
22.915
22.12
21.87
21.62
21.0025
20.385
19.945
19.505000000000003
20.130000000000003
20.755
20.96
21.165
21.4325
21.700000000000003
21.815
21.93
21.8825
21.835
22.2225
22.61
22.2775
21.945
21.7225
21.5
21.795
22.09
21.115
20.14
20.1025
20.065
19.795
19.525
19.2375
18.95
18.32
17.689999999999998
17.5325
17.375
16.877499999999998
16.38
16.8975
17.415
17.7575
18.1
18.4875
18.875
19.57
20.265
19.7675
19.270000000000003
19.7025
20.135
20.0
19.865
20.3575
20.85
21.9375
23.025
23.9575
24.89
25.6725
26.455
27.4425
28.43
28.8675
29.305
28.815
28.325
29.012500000000003
29.700000000000003
29.567500000000003
29.435
29.4075
29.380000000000003
29.3325
29.285
29.1875
29.09
28.8825
28.675
28.2575
27.84
27.7575
27.675
26.7475
25.82
24.59
23.36
23.43
23.5
23.105
22.71
22.7575
22.805
23.2275
23.65
23.465
23.28
23.625
23.97
23.69
23.41
23.7725
24.135
24.0875
24.04
23.8225
23.605
23.2675
22.93
23.125
23.32
23.175
23.03
22.4175
21.805
21.3075
20.81
21.387500000000003
21.965
21.93
21.895000000000003
22.2875
22.68
22.92
23.16
23.6225
24.085
24.275
24.465
24.81
25.155
24.8525
24.55
24.4375
24.325
24.7125
25.1
26.07
27.04
27.5175
27.995
28.0975
28.200000000000003
28.485
28.77
28.7775
28.785
28.945
29.105
29.2025
29.3
29.1225
28.945
28.725
28.505000000000003
28.665
28.825
28.265
27.705
29.025
30.345
30.6675
30.99
31.7175
32.445
32.2375
32.03
33.0475
34.065
34.705
35.345
35.015
34.685
35.6
36.515
36.3625
36.21
36.115
36.02
36.2425
36.465
36.6525
36.84
36.602500000000006
36.365
36.7575
37.15
36.13
35.11
34.370000000000005
33.63
33.16
32.69
32.81
32.93
32.0975
31.265
31.17
31.075
30.7575
30.44
30.0825
29.725
30.015
30.305
29.8025
29.3
29.28
29.26
29.205
29.15
29.9425
30.735
29.8475
28.96
29.3275
29.695
28.8025
27.91
27.685
27.46
26.6975
25.935
25.200000000000003
24.465
24.1675
23.87
24.245
24.62
24.7
24.78
24.155
23.53
24.067500000000003
24.605
25.12
25.635
26.1075
26.58
26.5725
26.565
26.6875
26.81
26.995
27.18
26.9075
26.635
26.745
26.855
26.7175
26.58
26.0525
25.525
25.64
25.755000000000003
24.7775
23.8
24.07
24.34
23.845
23.35
23.4975
23.645000000000003
23.98
24.315
24.98
25.645
25.4775
25.31
25.2925
25.275
26.3675
27.46
27.56
27.66
27.5875
27.515
27.3225
27.130000000000003
28.165
29.2
27.975
26.75
26.995
27.24
26.595
25.95
26.6925
27.435
26.335
25.235
24.8175
24.4
24.9
25.4
24.13
22.86
23.4
23.94
23.87
23.8
24.585
25.37
25.3375
25.305
26.15
26.995
27.6
28.205
28.765
29.325000000000003
29.3975
29.47
30.4675
31.465000000000003
31.067500000000003
30.67
31.395
32.12
32.730000000000004
33.34
33.0625
32.785
32.905
33.025000000000006
32.290000000000006
31.555
32.5375
33.52
33.4225
33.325
32.8425
32.36
32.25
32.14
31.615
31.09
30.8725
30.655
30.235
29.815
29.0725
28.33
27.205
26.08
25.365
24.65
25.4
26.15
25.69
25.23
24.895
24.56
25.1275
25.695
25.885
26.075
26.2475
26.42
26.855
27.29
27.2725
27.255
27.6775
28.1
27.8
27.5
27.5275
27.555
27.7825
28.01
27.59
27.17
26.770000000000003
26.37
26.0525
25.735
25.1975
24.66
24.3675
24.075000000000003
24.525
24.975
24.215
23.455
24.1475
24.84
25.7125
26.585
27.4575
28.33
29.2025
30.075
30.9475
31.82
33.0025
34.185
34.34
34.495000000000005
34.685
34.875
35.795
36.715
36.385000000000005
36.055
36.635000000000005
37.215
37.755
38.295
38.3975
38.5
38.1975
37.895
37.7525
37.61
37.86
38.11
37.12
36.13
36.1475
36.165
35.8325
35.5
36.0975
36.695
35.845
34.995
33.932500000000005
32.870000000000005
32.425000000000004
31.98
31.06
30.14
30.01
29.880000000000003
29.91
29.94
29.016666666666666
28.09333333333333
27.17
26.246666666666663
25.32333333333333
24.4
25.195
25.99
25.8975
25.805
26.395
26.985
27.355
27.725
28.1275
28.53
28.545
28.56
28.4175
28.275
29.1325
29.99
29.9
29.81
30.4475
31.085
30.625
30.165
31.33
32.495000000000005
32.565000000000005
32.635000000000005
33.2175
33.8
34.395
34.99
35.129999999999995
35.27
34.65
34.03
34.3275
34.625
34.7425
34.86
35.625
36.39
35.045
33.7
33.465
33.230000000000004
33.1325
33.035
32.3075
31.58
31.7675
31.955
31.69
31.425
31.0975
30.77
31.2925
31.815
31.94
32.065
32.7
33.335
32.9225
32.510000000000005
32.5525
32.595
32.72
32.845
32.8425
32.84
32.9125
32.985
34.69
36.395
36.395
36.395
36.395
36.395
36.395
36.395
36.395