38.64
38.64
38.64
38.725
38.81
38.3725
37.935
37.5525
37.17
35.975
34.78
34.542500000000004
34.305
34.099999999999994
33.895
33.795
33.695
33.84
33.985
33.8375
33.69
33.32
32.95
33.042500000000004
33.135
33.2325
33.33
32.7875
32.245000000000005
31.477500000000003
30.71
31.0
31.29
30.57
29.85
29.1275
28.405
27.935
27.465
26.567500000000003
25.67
25.4
25.130000000000003
24.055
22.98
23.4025
23.825
23.44
23.055
22.475
21.895
21.545
21.195
21.565
21.935
21.7725
21.61
21.5625
21.515
21.655
21.795
22.81
23.825
24.0125
24.2
24.6075
25.015
25.7175
26.42
26.4525
26.485
27.345
28.205
28.0375
27.87
27.9775
28.085
27.925
27.765
28.03
28.295
27.8875
27.48
27.255
27.03
26.91
26.79
26.695
26.6
26.51
26.42
26.175
25.93
25.6075
25.285
24.73
24.175
23.3925
22.61
22.6025
22.595
23.135
23.675
23.7525
23.83
24.17
24.51
24.7225
24.935
25.3675
25.8
25.515
25.23
25.5925
25.955
27.4325
28.91
29.2425
29.575000000000003
29.6
29.625
29.43
29.235
29.8975
30.56
30.4475
30.335
30.47
30.605
30.9375
31.27
30.635
30.0
29.8625
29.725
29.76
29.795
29.1525
28.51
28.1075
27.705
27.0875
26.47
26.645
26.82
25.605
24.39
23.6225
22.855
22.575000000000003
22.295
22.192500000000003
22.09
22.4675
22.845
23.2025
23.56
23.9275
24.295
25.457500000000003
26.62
26.92
27.22
27.3125
27.405
27.885
28.365
29.025
29.685
30.2475
30.81
30.815
30.82
31.16
31.5
32.0925
32.685
32.120000000000005
31.555
32.0175
32.480000000000004
32.550000000000004
32.620000000000005
32.8925
33.165
32.735
32.305
32.0175
31.73
31.1675
30.605
30.5175
30.43
29.2325
28.035
27.5875
27.14
27.475
27.81
27.1075
26.405
25.895
25.385
25.685
25.985
25.9725
25.96
25.795
25.63
25.4175
25.205
24.895
24.585
24.8025
25.020000000000003
25.5075
25.995
26.4725
26.95
27.18
27.41
28.025
28.64
28.245
27.85
29.317500000000003
30.785
30.845
30.905
31.0075
31.11
31.135
31.16
31.137500000000003
31.115
31.125
31.135
31.02
30.905
30.3525
29.8
29.825000000000003
29.85
30.16
30.47
29.4625
28.455
28.2975
28.14
27.715
27.29
26.94
26.590000000000003
25.9275
25.265
25.11
24.955
25.1625
25.37
24.675
23.98
24.7975
25.615
25.58
25.545
25.795
26.045
26.4925
26.94
27.26
27.58
27.6575
27.735
28.19
28.645000000000003
28.067500000000003
27.49
28.265
29.04
28.93
28.82
28.4125
28.005000000000003
27.73
27.455
26.9725
26.49
26.7175
26.945
26.315
25.685
25.995
26.305
25.4775
24.65
24.1375
23.625
23.32
23.015
22.7575
22.5
22.235
21.97
22.4625
22.955
23.125
23.295
23.6625
24.03
24.77
25.51
25.21
24.91
25.165
25.42
26.055
26.69
26.5625
26.435
26.0725
25.71
25.655
25.6
25.395
25.19
24.8075
24.425
24.3775
24.33
24.52
24.71
25.5625
26.415
27.1325
27.85
28.15
28.45
29.01
29.57
30.0425
30.515
31.1625
31.81
32.597500000000004
33.385000000000005
34.2575
35.129999999999995
34.8125
34.495000000000005
35.4025
36.31
37.05
37.79
37.725
37.66
37.29
36.92
37.015
37.11
37.84
38.57
38.005
37.44
36.9025
36.365
37.1675
37.97
36.435
34.9
34.084999999999994
33.27
32.825
32.38
32.94
33.5
32.375
31.25
30.755
30.26
29.735
29.21
28.435
27.66
27.3775
27.095
26.4525
25.81
25.42
25.03
24.7375
24.445
24.3575
24.27
25.1025
25.935
26.56
27.185
27.395000000000003
27.605
28.005000000000003
28.405
28.2775
28.15
28.0225
27.895
28.2225
28.55
28.2325
27.915
27.865
27.815
27.26
26.705
26.4675
26.23
26.29
26.35
26.2475
26.145000000000003
26.385
26.625
26.5975
26.57
26.4675
26.365
26.5525
26.74
26.7975
26.855
26.8325
26.81
26.6425
26.475
26.255
26.035
25.5725
25.11
24.2725
23.435
23.3125
23.19
21.88
20.57
20.845
21.12
20.6525
20.185
19.0625
17.94
19.0225
20.105
20.12
20.135
20.0825
20.03
19.655
19.28
20.4825
21.685
21.4325
21.18
21.435
21.69
23.615
25.54
25.89
26.24
26.405
26.57
26.94
27.31
28.5125
29.715
29.9575
30.2
30.7025
31.205
31.6575
32.11
32.575
33.04
33.370000000000005
33.7
33.6225
33.545
33.9625
34.379999999999995
34.66
34.94
35.03
35.120000000000005
34.9975
34.875
34.7325
34.59
34.3725
34.155
33.572500000000005
32.99
32.59
32.19
31.8225
31.455
31.49
31.525
30.785
30.045
29.4925
28.94
28.385
27.83
27.315
26.8
26.6925
26.585
25.6425
24.7
24.4925
24.285
25.027500000000003
25.770000000000003
25.4975
25.225
25.64
26.055
25.5725
25.09
25.567500000000003
26.045
26.03
26.015
26.7325
27.45
27.9225
28.395000000000003
28.7175
29.04
29.4925
29.945
30.5575
31.17
32.2225
33.275
33.16
33.045
34.2525
35.459999999999994
35.385
35.31
35.85
36.39
37.45
38.51
37.95
37.39
37.715
38.04
37.8225
37.605
37.4775
37.35
36.24
35.13
35.6575
36.185
35.660000000000004
35.135000000000005
34.63250000000001
34.13
33.11
32.09
32.239999999999995
32.39
30.94
29.49
29.955
30.42
29.1975
27.975
27.637500000000003
27.3
26.270000000000003
25.24
25.3775
25.515
26.2225
26.93
27.4025
27.875
28.0425
28.21
28.685
29.16
28.68
28.200000000000003
28.41
28.62
28.5025
28.385
28.69
28.995
29.1575
29.32
28.645
27.97
27.9975
28.025
27.7625
27.5
26.945
26.39
26.6975
27.005000000000003
26.8925
26.78
27.4225
28.065
28.4125
28.76
28.4775
28.195
28.8825
29.57
29.21
28.85
29.4
29.95
29.605
29.26
29.5475
29.835
29.1825
28.53
27.8475
27.165
27.885
28.605
28.545
28.485
28.5625
28.64
29.3575
30.075000000000003
30.86
31.645
31.925
32.205
33.317499999999995
34.43
33.7375
33.045
34.2875
35.53
35.56
35.59
36.805
38.02
38.555
39.09
39.09
39.09
39.09
39.09
39.09
39.09
39.09
39.09
39.09