10.21297874224134183407386444741860032081604003906250000000000000000000000000000000
7.18008959330051865777022612746804952621459960937500000000000000000000000000000000
5.80610179809200221967557808966375887393951416015625000000000000000000000000000000
4.96891845296107703688903711736202239990234375000000000000000000000000000000000000
4.36825838821302347980690683471038937568664550781250000000000000000000000000000000
3.91052225542901643606796824315097182989120483398437500000000000000000000000000000
3.55176424725018735628623289812821894884109497070312500000000000000000000000000000
3.26473755767123252624628548801410943269729614257812500000000000000000000000000000
3.03096598068216449561873560014646500349044799804687500000000000000000000000000000
2.83759432135186973056306669604964554309844970703125000000000000000000000000000000
2.67552396244082357767979374330025166273117065429687500000000000000000000000000000
2.53818633262732884503520836005918681621551513671875000000000000000000000000000000
2.42073429921784155638420088507700711488723754882812500000000000000000000000000000
2.31951316889462644255104351032059639692306518554687500000000000000000000000000000
2.23171330966159464637144083098974078893661499023437500000000000000000000000000000
2.15513818510458188271172730310354381799697875976562500000000000000000000000000000
2.08804551972189988973127583449240773916244506835937500000000000000000000000000000
2.02903554741340519385062179935630410909652709960937500000000000000000000000000000
1.97697045855048036955281531845685094594955444335937500000000000000000000000000000
1.93091521838304336355918167100753635168075561523437500000000000000000000000000000
1.89009347389390147675669595628278329968452453613281250000000000000000000000000000
1.85385436298762984463905922893900424242019653320312500000000000000000000000000000
1.82164732498581982689245251094689592719078063964843750000000000000000000000000000
1.79300283935053994532893284485908225178718566894531250000000000000000000000000000
1.76751758082746834865872642694739624857902526855468750000000000000000000000000000
1.74484287610841604099221058277180418372154235839843750000000000000000000000000000
1.72467563590862771327749669580953195691108703613281250000000000000000000000000000
1.70675114995368537584852219879394397139549255371093750000000000000000000000000000
1.69083729141057315104035296826623380184173583984375000000000000000000000000000000
1.67672979575703706700551265385001897811889648437500000000000000000000000000000000
1.66424836706465084645856222778093069791793823242187500000000000000000000000000000
1.65323342970287012754226907418342307209968566894531250000000000000000000000000000
1.64354339072418076383996776712592691183090209960937500000000000000000000000000000
1.63505231302342246557657290395582094788551330566406250000000000000000000000000000
1.62764792426228943611477006925269961357116699218750000000000000000000000000000000
1.62122990382225440342267575033474713563919067382812500000000000000000000000000000
1.61570840417350702900023406982654705643653869628906250000000000000000000000000000
1.61100277093308452691644561127759516239166259765625000000000000000000000000000000
1.60704043240514971024879287142539396882057189941406250000000000000000000000000000
1.60375593570079533201067079062340781092643737792968750000000000000000000000000000
1.60109011058817007899790496594505384564399719238281250000000000000000000000000000
1.59898933949794130882082754396833479404449462890625000000000000000000000000000000
1.59740492627218078069972762023098766803741455078125000000000000000000000000000000
1.59629254293029743116960617044242098927497863769531250000000000000000000000000000
1.59561174791284177132411059574224054813385009765625000000000000000000000000000000
1.59532556983539186568066270410781726241111755371093750000000000000000000000000000
1.59540013375439082565776516275946050882339477539062500000000000000000000000000000
1.59580435483883031899665638775331899523735046386718750000000000000000000000000000
1.59650963298271553192364535789238288998603820800781250000000000000000000000000000
1.59748962317612086536655624513514339923858642578125000000000000000000000000000000
1.59872002995531525826322649663779884576797485351562500000000000000000000000000000
1.60017837397773399210620937083149328827857971191406250000000000000000000000000000
1.60184384811800817338678371015703305602073669433593750000000000000000000000000000
1.60369722654068991296583135408582165837287902832031250000000000000000000000000000
1.60572060480635037116314833838259801268577575683593750000000000000000000000000000
1.60789734790200999903220235864864662289619445800781250000000000000000000000000000
1.61021206699873031809033818717580288648605346679687500000000000000000000000000000
1.61265046689074131869290340546285733580589294433593750000000000000000000000000000
1.61519907983597410527920601452933624386787414550781250000000000000000000000000000
1.61784542395394881353354321618098765611648559570312500000000000000000000000000000
1.62057817733575904028953118540812283754348754882812500000000000000000000000000000
1.62338614129936997798608899756800383329391479492187500000000000000000000000000000
1.62625973452411121122906934033380821347236633300781250000000000000000000000000000
1.62918921272452421611376394139369949698448181152343750000000000000000000000000000
1.63216630436417986516062228474766016006469726562500000000000000000000000000000000
1.63518263546996367452379672613460570573806762695312500000000000000000000000000000
1.63822905503874349797399645467521622776985168457031250000000000000000000000000000
1.64130397734111554974845148535678163170814514160156250000000000000000000000000000
1.64439233112993354879449725558515638113021850585937500000000000000000000000000000
1.64749529385195403463626462325919419527053833007812500000000000000000000000000000
1.65060870104303103467202618048759177327156066894531250000000000000000000000000000
1.65371611924654837721959665941540151834487915039062500000000000000000000000000000
1.65682222115181176924636474723229184746742248535156250000000000000000000000000000
1.65992497650302017753176642145263031125068664550781250000000000000000000000000000
1.66302318251872627286047645611688494682312011718750000000000000000000000000000000
1.66608634909988295724758700089296326041221618652343750000000000000000000000000000
1.66916825994822026757447019917890429496765136718750000000000000000000000000000000
1.67221485254194512926062543556327000260353088378906250000000000000000000000000000
1.67515620625919137154369309428147971630096435546875000000000000000000000000000000
1.67813456337027600007161254325183108448982238769531250000000000000000000000000000
1.68108952987206272666753648081794381141662597656250000000000000000000000000000000
1.68399146796043241991469585627783089876174926757812500000000000000000000000000000
1.68694169576721164638399841351201757788658142089843750000000000000000000000000000
1.68996784763031393516996558901155367493629455566406250000000000000000000000000000
1.69268366825929184038557195890462026000022888183593750000000000000000000000000000
1.69580351935562334553253549529472365975379943847656250000000000000000000000000000
1.69829919763093073470372473821043968200683593750000000000000000000000000000000000
1.70039559683566765535545073362300172448158264160156250000000000000000000000000000
1.70419800007622690429798240074887871742248535156250000000000000000000000000000000
1.70682565190614510264310865750303491950035095214843750000000000000000000000000000
1.70941261736204297427832443645456805825233459472656250000000000000000000000000000
1.71195838584171711183046227233717218041419982910156250000000000000000000000000000
1.71446226865685114049142612202558666467666625976562500000000000000000000000000000
1.71692387617187347537139885389478877186775207519531250000000000000000000000000000
1.71934298466780433045641984790563583374023437500000000000000000000000000000000000
1.72172017967528190318660108459880575537681579589843750000000000000000000000000000
1.72405432233530175878399859357159584760665893554687500000000000000000000000000000
1.72634940498727096347408860310679301619529724121093750000000000000000000000000000
1.72860088975300318914207764464663341641426086425781250000000000000000000000000000
1.73080970950487045278975983819691464304924011230468750000000000000000000000000000
1.73297582691861329351468157256022095680236816406250000000000000000000000000000000
