11.62467437765139521843593684025108814239501953125000000000000000000000000000000000
8.19550962405607918981331749819219112396240234375000000000000000000000000000000000
6.37890374753741706825849178130738437175750732421875000000000000000000000000000000
5.23225454478001061886516254162415862083435058593750000000000000000000000000000000
4.45424478269347634551422743243165314197540283203125000000000000000000000000000000
3.90034629799962040408445318462327122688293457031250000000000000000000000000000000
3.48968102005951408273176639340817928314208984375000000000000000000000000000000000
3.17460006958936924448266836407128721475601196289062500000000000000000000000000000
2.92591438249834157048212546214926987886428833007812500000000000000000000000000000
2.72503910680645455855142245127353817224502563476562500000000000000000000000000000
2.55969847101250813636852399213239550590515136718750000000000000000000000000000000
2.42150734434656733640167658450081944465637207031250000000000000000000000000000000
2.30456197297870923890172889514360576868057250976562500000000000000000000000000000
2.20458932807827823197044381231535226106643676757812500000000000000000000000000000
2.11841691470858251022946205921471118927001953125000000000000000000000000000000000
2.04363331890048716132923800614662468433380126953125000000000000000000000000000000
1.97836596184897306471839328878559172153472900390625000000000000000000000000000000
1.92113266068125554397738596890121698379516601562500000000000000000000000000000000
1.87074052905633236854043843777617439627647399902343750000000000000000000000000000
1.82621571200027554837674870213959366083145141601562500000000000000000000000000000
1.78675350908992669474173453636467456817626953125000000000000000000000000000000000
1.75168220142666708483147885999642312526702880859375000000000000000000000000000000
1.72043625846936021339672606700332835316658020019531250000000000000000000000000000
1.69253609291207385290078946127323433756828308105468750000000000000000000000000000
1.66757248151835102412121614179341122508049011230468750000000000000000000000000000
1.64519437965159975867379671399248763918876647949218750000000000000000000000000000
1.62509925323935111585171853221254423260688781738281250000000000000000000000000000
1.60702531265562065243557299254462122917175292968750000000000000000000000000000000
1.59074520742046199295316455391002818942070007324218750000000000000000000000000000
1.57606085938880235985948274901602417230606079101562500000000000000000000000000000
1.56279919447574977553472308500204235315322875976562500000000000000000000000000000
1.55080859128934100965580000774934887886047363281250000000000000000000000000000000
1.53995590707430540788891448755748569965362548828125000000000000000000000000000000
1.53012397235648545112951524060918018221855163574218750000000000000000000000000000
1.52120946882860419435701260226778686046600341796875000000000000000000000000000000
1.51312112269770016048653360485332086682319641113281250000000000000000000000000000
1.50577815932284342359537276934133842587471008300781250000000000000000000000000000
1.49910897558780420446566949976840987801551818847656250000000000000000000000000000
1.49304999484883005322899407474324107170104980468750000000000000000000000000000000
1.48754467588064942518144562200177460908889770507812500000000000000000000000000000
1.48254265245272698336975736310705542564392089843750000000000000000000000000000000
1.47799898445957067494305192667525261640548706054687500000000000000000000000000000
1.47387350469404432296016693726414814591407775878906250000000000000000000000000000
1.47013024814830695063960774859879165887832641601562500000000000000000000000000000
1.46673695276481441673865901975659653544425964355468750000000000000000000000000000
1.46366462230918337183993571670725941658020019531250000000000000000000000000000000
1.46088714337921699026878741278778761625289916992187500000000000000000000000000000
1.45838094980320898130798923375550657510757446289062500000000000000000000000000000
1.45612472843702978053670449298806488513946533203125000000000000000000000000000000
1.45409916123120730446771631250157952308654785156250000000000000000000000000000000
1.45228669923572817346268948313081637024879455566406250000000000000000000000000000
1.45067136428675191872628147393697872757911682128906250000000000000000000000000000
1.44923857546455558953368836228037253022193908691406250000000000000000000000000000
1.44797499673812257725558083620853722095489501953125000000000000000000000000000000
1.44686840327560917174309906840790063142776489257812500000000000000000000000000000
1.44590756443332391079081844509346410632133483886718750000000000000000000000000000
1.44508214093918452292086840316187590360641479492187500000000000000000000000000000
1.44438259446521022333342898491537198424339294433593750000000000000000000000000000
1.44380010832839289491857925895601511001586914062500000000000000000000000000000000
1.44332651753977825315189420507522299885749816894531250000000000000000000000000000
1.44295424724767706869954508874798193573951721191406250000000000000000000000000000
1.44267625827667100857354398613097146153450012207031250000000000000000000000000000
1.44248599934133858724294441344682127237319946289062500000000000000000000000000000
1.44237736416946349393697346386034041643142700195312500000000000000000000000000000
1.44234465348571272436117851611925289034843444824218750000000000000000000000000000
1.44238254241784047415819713933160528540611267089843750000000000000000000000000000
1.44248604912586708692856518609914928674697875976562500000000000000000000000000000
1.44265050884555212640236732113407924771308898925781250000000000000000000000000000
1.44287154990110733088215511088492348790168762207031250000000000000000000000000000
1.44314507054509033601163991988869383931159973144531250000000000000000000000000000
1.44346722243095793025702278100652620196342468261718750000000000000000000000000000
1.44383439064993601697040048748021945357322692871093750000000000000000000000000000
1.44424317685869540994758608576375991106033325195312500000000000000000000000000000
1.44469038796707249794337712955893948674201965332031250000000000000000000000000000
1.44517302129210567507300311262952163815498352050781250000000000000000000000000000
1.44568824877530288652849321806570515036582946777343750000000000000000000000000000
1.44623341559718832094461049564415588974952697753906250000000000000000000000000000
1.44680601616958592892103752092225477099418640136718750000000000000000000000000000
1.44740369842539529088298877468332648277282714843750000000000000000000000000000000
1.44802424492937276134796320548048242926597595214843750000000000000000000000000000
1.44866556944927049599414203839842230081558227539062500000000000000000000000000000
1.44932570881657429850974949658848345279693603515625000000000000000000000000000000
1.45000282109663447549507964140502735972404479980468750000000000000000000000000000
1.45069515490611533614639938605250790715217590332031250000000000000000000000000000
1.45140109463210742468675107375020161271095275878906250000000000000000000000000000
1.45211909087891122283053846331313252449035644531250000000000000000000000000000000
1.45284769966910776162194451899267733097076416015625000000000000000000000000000000
1.45358556822133544450537101511145010590553283691406250000000000000000000000000000
1.45433140765786261816572277894010767340660095214843750000000000000000000000000000
1.45508403688380383300682296976447105407714843750000000000000000000000000000000000
1.45584232871497198935628603067016229033470153808593750000000000000000000000000000
1.45660523689178922346343370008980855345726013183593750000000000000000000000000000
1.45737176034457127649091034982120618224143981933593750000000000000000000000000000
1.45814095748939820396117283962666988372802734375000000000000000000000000000000000
1.45891201378212431727376952039776369929313659667968750000000000000000000000000000
1.45968403809506663826311978482408449053764343261718750000000000000000000000000000
1.46045635709411203428942371829180046916007995605468750000000000000000000000000000
1.46122821553295789698267981293611228466033935546875000000000000000000000000000000
1.46199902519377311627124527149135246872901916503906250000000000000000000000000000
1.46276812715719128910052404535235837101936340332031250000000000000000000000000000
1.46353489321515040089138892653863877058029174804687500000000000000000000000000000
11.62467437765139521843593684025108814239501953125000000000000000000000000000000000
8.19550962405607918981331749819219112396240234375000000000000000000000000000000000
6.37890374753741706825849178130738437175750732421875000000000000000000000000000000
5.23225454478001061886516254162415862083435058593750000000000000000000000000000000
4.45424478269347634551422743243165314197540283203125000000000000000000000000000000
3.90034629799962040408445318462327122688293457031250000000000000000000000000000000
3.48968102005951408273176639340817928314208984375000000000000000000000000000000000
3.17460006958936924448266836407128721475601196289062500000000000000000000000000000
2.92591438249834157048212546214926987886428833007812500000000000000000000000000000
2.72503910680645455855142245127353817224502563476562500000000000000000000000000000
2.55969847101250813636852399213239550590515136718750000000000000000000000000000000
2.42150734434656733640167658450081944465637207031250000000000000000000000000000000
2.30456197297870923890172889514360576868057250976562500000000000000000000000000000
2.20458932807827823197044381231535226106643676757812500000000000000000000000000000
2.11841691470858251022946205921471118927001953125000000000000000000000000000000000
2.04363331890048716132923800614662468433380126953125000000000000000000000000000000
1.97836596184897306471839328878559172153472900390625000000000000000000000000000000
1.92113266068125554397738596890121698379516601562500000000000000000000000000000000
1.87074052905633236854043843777617439627647399902343750000000000000000000000000000
1.82621571200027554837674870213959366083145141601562500000000000000000000000000000
1.78675350908992669474173453636467456817626953125000000000000000000000000000000000
1.75168220142666708483147885999642312526702880859375000000000000000000000000000000
1.72043625846936021339672606700332835316658020019531250000000000000000000000000000
1.69253609291207385290078946127323433756828308105468750000000000000000000000000000
1.66757248151835102412121614179341122508049011230468750000000000000000000000000000
1.64519437965159975867379671399248763918876647949218750000000000000000000000000000
1.62509925323935111585171853221254423260688781738281250000000000000000000000000000
1.60702531265562065243557299254462122917175292968750000000000000000000000000000000
1.59074520742046199295316455391002818942070007324218750000000000000000000000000000
1.57606085938880235985948274901602417230606079101562500000000000000000000000000000
1.56279919447574977553472308500204235315322875976562500000000000000000000000000000
1.55080859128934100965580000774934887886047363281250000000000000000000000000000000
1.53995590707430540788891448755748569965362548828125000000000000000000000000000000
1.53012397235648545112951524060918018221855163574218750000000000000000000000000000
1.52120946882860419435701260226778686046600341796875000000000000000000000000000000
1.51312112269770016048653360485332086682319641113281250000000000000000000000000000
1.50577815932284342359537276934133842587471008300781250000000000000000000000000000
1.49910897558780420446566949976840987801551818847656250000000000000000000000000000
1.49304999484883005322899407474324107170104980468750000000000000000000000000000000
1.48754467588064942518144562200177460908889770507812500000000000000000000000000000
1.48254265245272698336975736310705542564392089843750000000000000000000000000000000
1.47799898445957067494305192667525261640548706054687500000000000000000000000000000
1.47387350469404432296016693726414814591407775878906250000000000000000000000000000
1.47013024814830695063960774859879165887832641601562500000000000000000000000000000
1.46673695276481441673865901975659653544425964355468750000000000000000000000000000
1.46366462230918337183993571670725941658020019531250000000000000000000000000000000
1.46088714337921699026878741278778761625289916992187500000000000000000000000000000
1.45838094980320898130798923375550657510757446289062500000000000000000000000000000
1.45612472843702978053670449298806488513946533203125000000000000000000000000000000
1.45409916123120730446771631250157952308654785156250000000000000000000000000000000
1.45228669923572817346268948313081637024879455566406250000000000000000000000000000
1.45067136428675191872628147393697872757911682128906250000000000000000000000000000
1.44923857546455558953368836228037253022193908691406250000000000000000000000000000
1.44797499673812257725558083620853722095489501953125000000000000000000000000000000
1.44686840327560917174309906840790063142776489257812500000000000000000000000000000
1.44590756443332391079081844509346410632133483886718750000000000000000000000000000
1.44508214093918452292086840316187590360641479492187500000000000000000000000000000
1.44438259446521022333342898491537198424339294433593750000000000000000000000000000
1.44380010832839289491857925895601511001586914062500000000000000000000000000000000
1.44332651753977825315189420507522299885749816894531250000000000000000000000000000
1.44295424724767706869954508874798193573951721191406250000000000000000000000000000
1.44267625827667100857354398613097146153450012207031250000000000000000000000000000
1.44248599934133858724294441344682127237319946289062500000000000000000000000000000
1.44237736416946349393697346386034041643142700195312500000000000000000000000000000
1.44234465348571272436117851611925289034843444824218750000000000000000000000000000
1.44238254241784047415819713933160528540611267089843750000000000000000000000000000
1.44248604912586708692856518609914928674697875976562500000000000000000000000000000
1.44265050884555212640236732113407924771308898925781250000000000000000000000000000
1.44287154990110733088215511088492348790168762207031250000000000000000000000000000
1.44314507054509033601163991988869383931159973144531250000000000000000000000000000
1.44346722243095793025702278100652620196342468261718750000000000000000000000000000
1.44383439064993601697040048748021945357322692871093750000000000000000000000000000
1.44424317685869540994758608576375991106033325195312500000000000000000000000000000
1.44469038796707249794337712955893948674201965332031250000000000000000000000000000
1.44517302129210567507300311262952163815498352050781250000000000000000000000000000
1.44568824877530288652849321806570515036582946777343750000000000000000000000000000
1.44623341559718832094461049564415588974952697753906250000000000000000000000000000
1.44680601616958592892103752092225477099418640136718750000000000000000000000000000
1.44740369842539529088298877468332648277282714843750000000000000000000000000000000
1.44802424492937276134796320548048242926597595214843750000000000000000000000000000
1.44866556944927049599414203839842230081558227539062500000000000000000000000000000
1.44932570881657429850974949658848345279693603515625000000000000000000000000000000
1.45000282109663447549507964140502735972404479980468750000000000000000000000000000
1.45069515490611533614639938605250790715217590332031250000000000000000000000000000
1.45140109463210742468675107375020161271095275878906250000000000000000000000000000
1.45211909087891122283053846331313252449035644531250000000000000000000000000000000
1.45284769966910776162194451899267733097076416015625000000000000000000000000000000
1.45358556822133544450537101511145010590553283691406250000000000000000000000000000
1.45433140765786261816572277894010767340660095214843750000000000000000000000000000
1.45508403688380383300682296976447105407714843750000000000000000000000000000000000
1.45584232871497198935628603067016229033470153808593750000000000000000000000000000
1.45660523689178922346343370008980855345726013183593750000000000000000000000000000
1.45737176034457127649091034982120618224143981933593750000000000000000000000000000
1.45814095748939820396117283962666988372802734375000000000000000000000000000000000
1.45891201378212431727376952039776369929313659667968750000000000000000000000000000
1.45968403809506663826311978482408449053764343261718750000000000000000000000000000
1.46045635709411203428942371829180046916007995605468750000000000000000000000000000
1.46122821553295789698267981293611228466033935546875000000000000000000000000000000
1.46199902519377311627124527149135246872901916503906250000000000000000000000000000
1.46276812715719128910052404535235837101936340332031250000000000000000000000000000
1.46353489321515040089138892653863877058029174804687500000000000000000000000000000
