9.89617973835581565822394622955471277236938476562500000000000000000000000000000000
7.12148019400764997755004515056498348712921142578125000000000000000000000000000000
5.68742873922243941109400111599825322628021240234375000000000000000000000000000000
4.76599592843081865112253581173717975616455078125000000000000000000000000000000000
4.11791133703423195555615166085772216320037841796875000000000000000000000000000000
3.63737149788467561961624596733599901199340820312500000000000000000000000000000000
3.26792885858188464354157076741103082895278930664062500000000000000000000000000000
2.97659545462462071796494456066284328699111938476562500000000000000000000000000000
2.74256064245462027884059352800250053405761718750000000000000000000000000000000000
2.55179450813399189001984268543310463428497314453125000000000000000000000000000000
2.39438037738790265862576234212610870599746704101562500000000000000000000000000000
2.26309762877871323283329729747492820024490356445312500000000000000000000000000000
2.15258407743585733484792399394791573286056518554687500000000000000000000000000000
2.05879280265395570026498717197682708501815795898437500000000000000000000000000000
1.97862145593080929195650696783559396862983703613281250000000000000000000000000000
1.90965474260953516072447655460564419627189636230468750000000000000000000000000000
1.84998479536376025933464006811846047639846801757812500000000000000000000000000000
1.79808531400804882949273633130360394716262817382812500000000000000000000000000000
1.75272237217549031740304599225055426359176635742187500000000000000000000000000000
1.71289000539659874711162501625949516892433166503906250000000000000000000000000000
1.67776258583283022218779478862415999174118041992187500000000000000000000000000000
1.64665874662034306119551274605328217148780822753906250000000000000000000000000000
1.61901346613161289944571308296872302889823913574218750000000000000000000000000000
1.59435610489533452494015364209190011024475097656250000000000000000000000000000000
1.57229292283735055946181091712787747383117675781250000000000000000000000000000000
1.55249305681192972805604313180083408951759338378906250000000000000000000000000000
1.53467722039246612375507083925185725092887878417968750000000000000000000000000000
1.51860857023699891144019602506887167692184448242187500000000000000000000000000000
1.50408530771257709091059950878843665122985839843750000000000000000000000000000000
1.49093467445034399965209104266250506043434143066406250000000000000000000000000000
1.47900806889060820736858659074641764163970947265625000000000000000000000000000000
1.46817706471156528280630482186097651720046997070312500000000000000000000000000000
1.45833015520233422179785520711448043584823608398437500000000000000000000000000000
1.44937008248042409341849179327255114912986755371093750000000000000000000000000000
1.44121163863820189732223298051394522190093994140625000000000000000000000000000000
1.43377984857077223068699822761118412017822265625000000000000000000000000000000000
1.42700846242259360430182368872920051217079162597656250000000000000000000000000000
1.42083870007435186799682469427352771162986755371093750000000000000000000000000000
1.41521820161924760661520394933177158236503601074218750000000000000000000000000000
1.41010014690569196460501188994385302066802978515625000000000000000000000000000000
1.40544251440388845431073150393785908818244934082031250000000000000000000000000000
1.40120745541138047585150161467026919126510620117187500000000000000000000000000000
1.39736076404210662893490280112018808722496032714843750000000000000000000000000000
1.39387142715011935756308503187028691172599792480468750000000000000000000000000000
1.39071124102472065686697533237747848033905029296875000000000000000000000000000000
1.38785448418029311312693607760593295097351074218750000000000000000000000000000000
1.38527763721389485240820249600801616907119750976562500000000000000000000000000000
1.38295914234182304447529077151557430624961853027343750000000000000000000000000000
1.38087919639282752370945672737434506416320800781250000000000000000000000000000000
1.37901957201462388447055218421155586838722229003906250000000000000000000000000000
1.37736346276171883751260338613064959645271301269531250000000000000000000000000000
1.37589534834822480036109482171013951301574707031250000000000000000000000000000000
1.37460087699519717396867690695216879248619079589843750000000000000000000000000000
1.37346676218129193358663542312569916248321533203125000000000000000000000000000000
1.37248069178055454031550652871374040842056274414062500000000000000000000000000000
1.37163124753733645100339799682842567563056945800781250000000000000000000000000000
1.37090783343554978301881419611163437366485595703125000000000000000000000000000000
1.37030061170341155296625856863101944327354431152343750000000000000000000000000000
1.36980044518332144676264761073980480432510375976562500000000000000000000000000000
1.36939884548550527831878298457013443112373352050781250000000000000000000000000000
1.36908792568025527991437684249831363558769226074218750000000000000000000000000000
1.36886035748152901092566935403738170862197875976562500000000000000000000000000000
1.36870933188728538532075162947876378893852233886718750000000000000000000000000000
1.36862852294533898778183811373310163617134094238281250000000000000000000000000000
1.36861205461264212601690815063193440437316894531250000000000000000000000000000000
1.36865447009652507759369655104819685220718383789062500000000000000000000000000000
1.36875070312374513825659505528165027499198913574218750000000000000000000000000000
1.36889605167783989791985277406638488173484802246093750000000000000000000000000000
1.36908615344881523512299281719606369733810424804687500000000000000000000000000000
1.36931696261717705809246581338811665773391723632812500000000000000000000000000000
1.36958472892725535707825201825471594929695129394531250000000000000000000000000000
1.36988597746748919092851792811416089534759521484375000000000000000000000000000000
1.37021749007464754832597009226446971297264099121093750000000000000000000000000000
1.37057628804778541820041937171481549739837646484375000000000000000000000000000000
1.37095961570396829287687978649046272039413452148437500000000000000000000000000000
1.37136492562786371784966377163073047995567321777343750000000000000000000000000000
1.37178986374899958278206213435623794794082641601562500000000000000000000000000000
1.37223225662576253647273460956057533621788024902343750000000000000000000000000000
1.37269009848947831642362871207296848297119140625000000000000000000000000000000000
1.37316154055771910691419179784134030342102050781250000000000000000000000000000000
1.37364487892775999355876592744607478380203247070312500000000000000000000000000000
1.37413854553261605140335177566157653927803039550781250000000000000000000000000000
1.37464109724191319017450041428674012422561645507812500000000000000000000000000000
1.37515120986161609728526400431292131543159484863281250000000000000000000000000000
1.37566766515481053723135573818581178784370422363281250000000000000000000000000000
1.37618934775384671453934970486443489789962768554687500000000000000000000000000000
1.37671523497950820669188942702021449804306030273437500000000000000000000000000000
1.37724439201083148631710173503961414098739624023437500000000000000000000000000000
1.37777596471163565894357816432602703571319580078125000000000000000000000000000000
1.37830917164039390421237385453423485159873962402343750000000000000000000000000000
1.37884330299544033415770627470919862389564514160156250000000000000000000000000000
1.37937771122003693946567182138096541166305541992187500000000000000000000000000000
1.37991181048036848366677986632566899061203002929687500000000000000000000000000000
1.38044506627238483531527890590950846672058105468750000000000000000000000000000000
1.38097699813036123295262314059073105454444885253906250000000000000000000000000000
1.38150717209095130755258651333861052989959716796875000000000000000000000000000000
1.38203519676697927920372421795036643743515014648437500000000000000000000000000000
1.38256071767056165633391628944082185626029968261718750000000000000000000000000000
1.38308341657621380882403627765597775578498840332031250000000000000000000000000000
1.38360302708948168515235011000186204910278320312500000000000000000000000000000000
1.38411928353498714372449285292532294988632202148437500000000000000000000000000000
