12.59513575351642344912761473096907138824462890625000000000000000000000000000000000
8.80691651473996017784884315915405750274658203125000000000000000000000000000000000
7.02822611771254113222084924927912652492523193359375000000000000000000000000000000
5.98389620815899814232352582621388137340545654296875000000000000000000000000000000
5.21151549633210287026940932264551520347595214843750000000000000000000000000000000
4.60680659303216710753758889040909707546234130859375000000000000000000000000000000
4.13578011218269825377547022071667015552520751953125000000000000000000000000000000
3.76704961157868556398398141027428209781646728515625000000000000000000000000000000
3.47381420031722010222097196674440056085586547851562500000000000000000000000000000
3.23625374047966873902737461321521550416946411132812500000000000000000000000000000
3.04048534827130101376724269357509911060333251953125000000000000000000000000000000
2.87685153276442484582275938009843230247497558593750000000000000000000000000000000
2.73851667802583031985363959392998367547988891601562500000000000000000000000000000
2.62050062011126350114409433444961905479431152343750000000000000000000000000000000
2.51905995929047454851001930364873260259628295898437500000000000000000000000000000
2.43130258483762551335871648916509002447128295898437500000000000000000000000000000
2.35494602596677182759776769671589136123657226562500000000000000000000000000000000
2.28816108992369571240033110370859503746032714843750000000000000000000000000000000
2.22946587138144769468794947897549718618392944335937500000000000000000000000000000
2.17765030560276651172557649260852485895156860351562500000000000000000000000000000
2.13172017005633351871551894873846322298049926757812500000000000000000000000000000
2.09085422131948517332489245745819061994552612304687500000000000000000000000000000
2.05437071165327678201606431684922426939010620117187500000000000000000000000000000
2.02170090343396191556735175254289060831069946289062500000000000000000000000000000
1.99236796329154763895985524868592619895935058593750000000000000000000000000000000
1.96597006782261418678103837009984999895095825195312500000000000000000000000000000
1.94216684015836316135050765296909958124160766601562500000000000000000000000000000
1.92066843405111953302366600837558507919311523437500000000000000000000000000000000
1.90122672760549993320466910518007352948188781738281250000000000000000000000000000
1.88362820020828580780403171957004815340042114257812500000000000000000000000000000
1.86768815353562245284990694926818832755088806152343750000000000000000000000000000
1.85324600533221173215281396551290526986122131347656250000000000000000000000000000
1.84016144491746969080736562318634241819381713867187500000000000000000000000000000
1.82831127652770053515496329055167734622955322265625000000000000000000000000000000
1.81758681791424270279833308450179174542427062988281250000000000000000000000000000
1.80789174796188367722038492502178996801376342773437500000000000000000000000000000
1.79914031520356987314812613476533442735671997070312500000000000000000000000000000
1.79125583888442174718136357114417478442192077636718750000000000000000000000000000
1.78416946267426168581948786595603451132774353027343750000000000000000000000000000
1.77781908930126264500870547635713592171669006347656250000000000000000000000000000
1.77214849191812251483213458413956686854362487792968750000000000000000000000000000
1.76710655560778806538735352660296484827995300292968750000000000000000000000000000
1.76264663929111975448904559016227722167968750000000000000000000000000000000000000
1.75872602266019351091586031543556600809097290039062500000000000000000000000000000
1.75530541791176997179491081624291837215423583984375000000000000000000000000000000
1.75234860853596030594303556426893919706344604492187500000000000000000000000000000
1.74982206620047353595737149589695036411285400390625000000000000000000000000000000
1.74769475365699178404099711769958958029747009277343750000000000000000000000000000
1.74593757092533041763715573324589058756828308105468750000000000000000000000000000
1.74452365508804518867691513150930404663085937500000000000000000000000000000000000
1.74342755696088769212792612961493432521820068359375000000000000000000000000000000
1.74262574009446447043103489704662933945655822753906250000000000000000000000000000
1.74209603979042082499972821096889674663543701171875000000000000000000000000000000
1.74181733337150257412417886371258646249771118164062500000000000000000000000000000
1.74177001104832096523011841782135888934135437011718750000000000000000000000000000
1.74193531550704494570425140409497544169425964355468750000000000000000000000000000
1.74229689425792666490622195851756259799003601074218750000000000000000000000000000
1.74283700830606624876395471801515668630599975585937500000000000000000000000000000
1.74353964535575389760424513951875269412994384765625000000000000000000000000000000
1.74438956208449202911481279443250969052314758300781250000000000000000000000000000
1.74537987382934156599390007613692432641983032226562500000000000000000000000000000
1.74648515429913286922669612977188080549240112304687500000000000000000000000000000
1.74770612345704812184976617572829127311706542968750000000000000000000000000000000
1.74902452775068639745370546734193339943885803222656250000000000000000000000000000
1.75041315813053244276886744046350941061973571777343750000000000000000000000000000
1.75189660246088640960238080879207700490951538085937500000000000000000000000000000
1.75343067346081515900380054517881944775581359863281250000000000000000000000000000
1.75502783384500649077608613879419863224029541015625000000000000000000000000000000
1.75671207045121158252243276365334168076515197753906250000000000000000000000000000
1.75834020639904653471319306845543906092643737792968750000000000000000000000000000
1.76017472779470240951127379958052188158035278320312500000000000000000000000000000
1.76181883969325991934340436273487284779548645019531250000000000000000000000000000
1.76355504505258120495625462353928014636039733886718750000000000000000000000000000
1.76575808670392730981291151692857965826988220214843750000000000000000000000000000
1.76735249431131746788992131769191473722457885742187500000000000000000000000000000
1.76861003827107099439785997674334794282913208007812500000000000000000000000000000
1.77169363458321460491617926891194656491279602050781250000000000000000000000000000
1.77366198509557992935015136026777327060699462890625000000000000000000000000000000
1.77569087998068075862079240323510020971298217773437500000000000000000000000000000
1.77737722746019088937430296937236562371253967285156250000000000000000000000000000
1.77919681241495086787551827001152560114860534667968750000000000000000000000000000
1.78116196794011627524412233469774946570396423339843750000000000000000000000000000
1.78194351244103343923086413269629701972007751464843750000000000000000000000000000
1.78449538544771346693096347735263407230377197265625000000000000000000000000000000
1.78733255606888064015436157205840572714805603027343750000000000000000000000000000
1.78909582130341182626409590739058330655097961425781250000000000000000000000000000
1.79091125510849136226454447751166298985481262207031250000000000000000000000000000
1.79214679438987012360939843347296118736267089843750000000000000000000000000000000
1.79415087868729838938008924742462113499641418457031250000000000000000000000000000
1.79556224849044143709875243075657635927200317382812500000000000000000000000000000
1.79707335806921020271431643777759745717048645019531250000000000000000000000000000
1.79894500262539458468324937712168321013450622558593750000000000000000000000000000
1.80086734187271191309775986155727878212928771972656250000000000000000000000000000
1.80280961354522939465994113561464473605155944824218750000000000000000000000000000
1.80433854162457851799672425840981304645538330078125000000000000000000000000000000
1.80573814608498173228667837975081056356430053710937500000000000000000000000000000
1.80743773782675809513875719858333468437194824218750000000000000000000000000000000
1.80890629334705344000155946559971198439598083496093750000000000000000000000000000
1.80995610835690734496949971799040213227272033691406250000000000000000000000000000
1.81200851044358701713576920155901461839675903320312500000000000000000000000000000
1.81350244837164642497384647867875173687934875488281250000000000000000000000000000
12.59513575351642344912761473096907138824462890625000000000000000000000000000000000
8.80691651473996017784884315915405750274658203125000000000000000000000000000000000
7.02822611771254113222084924927912652492523193359375000000000000000000000000000000
5.98389620815899814232352582621388137340545654296875000000000000000000000000000000
5.21151549633210287026940932264551520347595214843750000000000000000000000000000000
4.60680659303216710753758889040909707546234130859375000000000000000000000000000000
4.13578011218269825377547022071667015552520751953125000000000000000000000000000000
3.76704961157868556398398141027428209781646728515625000000000000000000000000000000
3.47381420031722010222097196674440056085586547851562500000000000000000000000000000
3.23625374047966873902737461321521550416946411132812500000000000000000000000000000
3.04048534827130101376724269357509911060333251953125000000000000000000000000000000
2.87685153276442484582275938009843230247497558593750000000000000000000000000000000
2.73851667802583031985363959392998367547988891601562500000000000000000000000000000
2.62050062011126350114409433444961905479431152343750000000000000000000000000000000
2.51905995929047454851001930364873260259628295898437500000000000000000000000000000
2.43130258483762551335871648916509002447128295898437500000000000000000000000000000
2.35494602596677182759776769671589136123657226562500000000000000000000000000000000
2.28816108992369571240033110370859503746032714843750000000000000000000000000000000
2.22946587138144769468794947897549718618392944335937500000000000000000000000000000
2.17765030560276651172557649260852485895156860351562500000000000000000000000000000
2.13172017005633351871551894873846322298049926757812500000000000000000000000000000
2.09085422131948517332489245745819061994552612304687500000000000000000000000000000
2.05437071165327678201606431684922426939010620117187500000000000000000000000000000
2.02170090343396191556735175254289060831069946289062500000000000000000000000000000
1.99236796329154763895985524868592619895935058593750000000000000000000000000000000
1.96597006782261418678103837009984999895095825195312500000000000000000000000000000
1.94216684015836316135050765296909958124160766601562500000000000000000000000000000
1.92066843405111953302366600837558507919311523437500000000000000000000000000000000
1.90122672760549993320466910518007352948188781738281250000000000000000000000000000
1.88362820020828580780403171957004815340042114257812500000000000000000000000000000
1.86768815353562245284990694926818832755088806152343750000000000000000000000000000
1.85324600533221173215281396551290526986122131347656250000000000000000000000000000
1.84016144491746969080736562318634241819381713867187500000000000000000000000000000
1.82831127652770053515496329055167734622955322265625000000000000000000000000000000
1.81758681791424270279833308450179174542427062988281250000000000000000000000000000
1.80789174796188367722038492502178996801376342773437500000000000000000000000000000
1.79914031520356987314812613476533442735671997070312500000000000000000000000000000
1.79125583888442174718136357114417478442192077636718750000000000000000000000000000
1.78416946267426168581948786595603451132774353027343750000000000000000000000000000
1.77781908930126264500870547635713592171669006347656250000000000000000000000000000
1.77214849191812251483213458413956686854362487792968750000000000000000000000000000
1.76710655560778806538735352660296484827995300292968750000000000000000000000000000
1.76264663929111975448904559016227722167968750000000000000000000000000000000000000
1.75872602266019351091586031543556600809097290039062500000000000000000000000000000
1.75530541791176997179491081624291837215423583984375000000000000000000000000000000
1.75234860853596030594303556426893919706344604492187500000000000000000000000000000
1.74982206620047353595737149589695036411285400390625000000000000000000000000000000
1.74769475365699178404099711769958958029747009277343750000000000000000000000000000
1.74593757092533041763715573324589058756828308105468750000000000000000000000000000
1.74452365508804518867691513150930404663085937500000000000000000000000000000000000
1.74342755696088769212792612961493432521820068359375000000000000000000000000000000
1.74262574009446447043103489704662933945655822753906250000000000000000000000000000
1.74209603979042082499972821096889674663543701171875000000000000000000000000000000
1.74181733337150257412417886371258646249771118164062500000000000000000000000000000
1.74177001104832096523011841782135888934135437011718750000000000000000000000000000
1.74193531550704494570425140409497544169425964355468750000000000000000000000000000
1.74229689425792666490622195851756259799003601074218750000000000000000000000000000
1.74283700830606624876395471801515668630599975585937500000000000000000000000000000
1.74353964535575389760424513951875269412994384765625000000000000000000000000000000
1.74438956208449202911481279443250969052314758300781250000000000000000000000000000
1.74537987382934156599390007613692432641983032226562500000000000000000000000000000
1.74648515429913286922669612977188080549240112304687500000000000000000000000000000
1.74770612345704812184976617572829127311706542968750000000000000000000000000000000
1.74902452775068639745370546734193339943885803222656250000000000000000000000000000
1.75041315813053244276886744046350941061973571777343750000000000000000000000000000
1.75189660246088640960238080879207700490951538085937500000000000000000000000000000
1.75343067346081515900380054517881944775581359863281250000000000000000000000000000
1.75502783384500649077608613879419863224029541015625000000000000000000000000000000
1.75671207045121158252243276365334168076515197753906250000000000000000000000000000
1.75834020639904653471319306845543906092643737792968750000000000000000000000000000
1.76017472779470240951127379958052188158035278320312500000000000000000000000000000
1.76181883969325991934340436273487284779548645019531250000000000000000000000000000
1.76355504505258120495625462353928014636039733886718750000000000000000000000000000
1.76575808670392730981291151692857965826988220214843750000000000000000000000000000
1.76735249431131746788992131769191473722457885742187500000000000000000000000000000
1.76861003827107099439785997674334794282913208007812500000000000000000000000000000
1.77169363458321460491617926891194656491279602050781250000000000000000000000000000
1.77366198509557992935015136026777327060699462890625000000000000000000000000000000
1.77569087998068075862079240323510020971298217773437500000000000000000000000000000
1.77737722746019088937430296937236562371253967285156250000000000000000000000000000
1.77919681241495086787551827001152560114860534667968750000000000000000000000000000
1.78116196794011627524412233469774946570396423339843750000000000000000000000000000
1.78194351244103343923086413269629701972007751464843750000000000000000000000000000
1.78449538544771346693096347735263407230377197265625000000000000000000000000000000
1.78733255606888064015436157205840572714805603027343750000000000000000000000000000
1.78909582130341182626409590739058330655097961425781250000000000000000000000000000
1.79091125510849136226454447751166298985481262207031250000000000000000000000000000
1.79214679438987012360939843347296118736267089843750000000000000000000000000000000
1.79415087868729838938008924742462113499641418457031250000000000000000000000000000
1.79556224849044143709875243075657635927200317382812500000000000000000000000000000
1.79707335806921020271431643777759745717048645019531250000000000000000000000000000
1.79894500262539458468324937712168321013450622558593750000000000000000000000000000
1.80086734187271191309775986155727878212928771972656250000000000000000000000000000
1.80280961354522939465994113561464473605155944824218750000000000000000000000000000
1.80433854162457851799672425840981304645538330078125000000000000000000000000000000
1.80573814608498173228667837975081056356430053710937500000000000000000000000000000
1.80743773782675809513875719858333468437194824218750000000000000000000000000000000
1.80890629334705344000155946559971198439598083496093750000000000000000000000000000
1.80995610835690734496949971799040213227272033691406250000000000000000000000000000
1.81200851044358701713576920155901461839675903320312500000000000000000000000000000
1.81350244837164642497384647867875173687934875488281250000000000000000000000000000
