8.45882427954191307151177170453593134880065917968750000000000000000000000000000000
5.69686560002688757720079593127593398094177246093750000000000000000000000000000000
4.44773332452095537803415936650708317756652832031250000000000000000000000000000000
3.71639499431476405533203433151356875896453857421875000000000000000000000000000000
3.21917993003570224175291514256969094276428222656250000000000000000000000000000000
2.85319343561937976971876196330413222312927246093750000000000000000000000000000000
2.57095850416514215552865607605781406164169311523437500000000000000000000000000000
2.34678543073434298094070982187986373901367187500000000000000000000000000000000000
2.16520450692694854666342507698573172092437744140625000000000000000000000000000000
2.01611564576918222968515692627988755702972412109375000000000000000000000000000000
1.89248498634054174161178707436192780733108520507812500000000000000000000000000000
1.78916455886316350110121220495784655213356018066406250000000000000000000000000000
1.70225138513261087247485647822031751275062561035156250000000000000000000000000000
1.62871739414005678447949776455061510205268859863281250000000000000000000000000000
1.56617942659071607280907301174011081457138061523437500000000000000000000000000000
1.51274460037432390002720694610616192221641540527343750000000000000000000000000000
1.46689900561570274462042107188608497381210327148437500000000000000000000000000000
1.42742382464038786160642757749883458018302917480468750000000000000000000000000000
1.39333068127062276175820443313568830490112304687500000000000000000000000000000000
1.36381154610910426683290097571443766355514526367187500000000000000000000000000000
1.33820008146393387704620181466452777385711669921875000000000000000000000000000000
1.31594202920350844543406765296822413802146911621093750000000000000000000000000000
1.29657265755783135396939087513601407408714294433593750000000000000000000000000000
1.27969960664975013209243570599937811493873596191406250000000000000000000000000000
1.26498977533477030554820430552354082465171813964843750000000000000000000000000000
1.25215917951548094677605149627197533845901489257812500000000000000000000000000000
1.24096497193100674394372617825865745544433593750000000000000000000000000000000000
1.23119903334908209480147434078389778733253479003906250000000000000000000000000000
1.22268271970882702603944380825851112604141235351562500000000000000000000000000000
1.21526248022793637026950364088406786322593688964843750000000000000000000000000000
1.20880615371491795251301937241805717349052429199218750000000000000000000000000000
1.20319981209706572400364166242070496082305908203125000000000000000000000000000000
1.19834505971938964918876990850549191236495971679687500000000000000000000000000000
1.19415672121013582973603206482948735356330871582031250000000000000000000000000000
1.19056086531846738729711887572193518280982971191406250000000000000000000000000000
1.18749312094384107396649596921633929014205932617187500000000000000000000000000000
1.18489724730094403426505778043065220117568969726562500000000000000000000000000000
1.18272392428652151075141318870009854435920715332031250000000000000000000000000000
1.18092973258039557471477110084379091858863830566406250000000000000000000000000000
1.17947629618722471533942552923690527677536010742187500000000000000000000000000000
1.17832956303214508864130039000883698463439941406250000000000000000000000000000000
1.17745920232006429095861221867380663752555847167968750000000000000000000000000000
1.17683809987843224220682714076247066259384155273437500000000000000000000000000000
1.17644193548364084378476945857983082532882690429687500000000000000000000000000000
1.17624882837618427444681401539128273725509643554687500000000000000000000000000000
1.17623903921085815049707434809533879160881042480468750000000000000000000000000000
1.17639471877758872153663105564191937446594238281250000000000000000000000000000000
1.17669969516774819418003517057513818144798278808593750000000000000000000000000000
1.17713929246778348236546207772335037589073181152343750000000000000000000000000000
1.17770017578315333572902545711258426308631896972656250000000000000000000000000000
1.17837021713774503517413450026651844382286071777343750000000000000000000000000000
1.17913837944373933730446424306137487292289733886718750000000000000000000000000000
1.17999461477190914493462514656130224466323852539062500000000000000000000000000000
1.18092977431988899184034380596131086349487304687500000000000000000000000000000000
1.18193552904038212680859487591078504920005798339843750000000000000000000000000000
1.18300429774286675055350315233226865530014038085937500000000000000000000000000000
1.18412918286491164465701331209857016801834106445312500000000000000000000000000000
1.18530391312799165959290803584735840559005737304687500000000000000000000000000000
1.18652278820862044916850663867080584168434143066406250000000000000000000000000000
1.18778063208225903579773330420721322298049926757812500000000000000000000000000000
1.18907274682622610129101303755305707454681396484375000000000000000000000000000000
1.19039487454375558783681299246381968259811401367187500000000000000000000000000000
1.19174315403802189017312684882199391722679138183593750000000000000000000000000000
1.19311409160282266839203657582402229309082031250000000000000000000000000000000000
1.19450452488343206169929544557817280292510986328125000000000000000000000000000000
1.19591159412418512886233656900003552436828613281250000000000000000000000000000000
1.19733271797567497607417408289620652794837951660156250000000000000000000000000000
1.19876556447400095528621477569686248898506164550781250000000000000000000000000000
1.20020802304083629152842149778734892606735229492187500000000000000000000000000000
1.20165819046510691237017454113811254501342773437500000000000000000000000000000000
1.20311435612147743512423403444699943065643310546875000000000000000000000000000000
1.20457497908886868032141137518920004367828369140625000000000000000000000000000000
1.20603864150344164407613334333291277289390563964843750000000000000000000000000000
1.20750410847808598013841674401191994547843933105468750000000000000000000000000000
1.20897022353168970276726668089395388960838317871093750000000000000000000000000000
1.21043596933768471402004252013284713029861450195312500000000000000000000000000000
1.21190039597765886192348716576816514134407043457031250000000000000000000000000000
1.21336268338948483069827943836571648716926574707031250000000000000000000000000000
1.21482210382514943525222861353540793061256408691406250000000000000000000000000000
1.21627784821361228928537911997409537434577941894531250000000000000000000000000000
1.21772945636760421272981602669460698962211608886718750000000000000000000000000000
1.21917620565657158770989099139114841818809509277343750000000000000000000000000000
1.22061765013580991734443159657530486583709716796875000000000000000000000000000000
1.22205320480433954344334779307246208190917968750000000000000000000000000000000000
1.22348256262184040821239250362850725650787353515625000000000000000000000000000000
1.22490531200765162544996655924478545784950256347656250000000000000000000000000000
1.22632086645684235115538740501506254076957702636718750000000000000000000000000000
1.22772942448878530363742811459815129637718200683593750000000000000000000000000000
1.22913015853696561130448117182822898030281066894531250000000000000000000000000000
1.23052226918219020923572770698228850960731506347656250000000000000000000000000000
1.23190663420579604725446642987662926316261291503906250000000000000000000000000000
1.23328315852633640936630854412214830517768859863281250000000000000000000000000000
1.23464941437452480066383486700942739844322204589843750000000000000000000000000000
1.23600774259391088527593183243880048394203186035156250000000000000000000000000000
1.23735741637728002828566786774899810552597045898437500000000000000000000000000000
1.23869701582672631090531467634718865156173706054687500000000000000000000000000000
1.24002772962192975292339269799413159489631652832031250000000000000000000000000000
1.24134362719735258373532360565150156617164611816406250000000000000000000000000000
1.24265717262201214055039599770680069923400878906250000000000000000000000000000000
1.24395597110784517091985890147043392062187194824218750000000000000000000000000000
1.24524194750004357779005204065470024943351745605468750000000000000000000000000000
