7.20742043572793633643414068501442670822143554687500000000000000000000000000000000
5.51409507646749919018702712492085993289947509765625000000000000000000000000000000
4.70718227094758923101380787556990981101989746093750000000000000000000000000000000
4.16191831051403404728716850513592362403869628906250000000000000000000000000000000
3.74438770892012628976885935117024928331375122070312500000000000000000000000000000
3.40838844260188844614845038449857383966445922851562500000000000000000000000000000
3.13098884902149432463147604721598327159881591796875000000000000000000000000000000
2.89834148468590324654314827057532966136932373046875000000000000000000000000000000
2.70108398040361041836376898572780191898345947265625000000000000000000000000000000
2.53242128711124214746064353676047176122665405273437500000000000000000000000000000
2.38719509264767548728514157119207084178924560546875000000000000000000000000000000
2.26137809799416000799965331680141389369964599609375000000000000000000000000000000
2.15177013302614339451679370540659874677658081054687500000000000000000000000000000
2.05579836130977966490718245040625333786010742187500000000000000000000000000000000
1.97137614295684682197418169380398467183113098144531250000000000000000000000000000
1.89679836588887651416257540404330939054489135742187500000000000000000000000000000
1.83066163973001105880200611863983795046806335449218750000000000000000000000000000
1.77180263177104713179232930997386574745178222656250000000000000000000000000000000
1.71925015863729102605361731548327952623367309570312500000000000000000000000000000
1.67218787043395322733374541712692007422447204589843750000000000000000000000000000
1.62992511166723419435697906010318547487258911132812500000000000000000000000000000
1.59187407637990196995758651610231027007102966308593750000000000000000000000000000
1.55753179189129231652088947157608345150947570800781250000000000000000000000000000
1.52646580119160524269261713925516232848167419433593750000000000000000000000000000
1.49830268265418498074836861633230000734329223632812500000000000000000000000000000
1.47271875665883889006124718434875831007957458496093750000000000000000000000000000
1.44943249090356074404439823410939425230026245117187500000000000000000000000000000
1.42819823855985750249431021074997261166572570800781250000000000000000000000000000
1.40880103436947945461099607200594618916511535644531250000000000000000000000000000
1.39105224058645315921012297621928155422210693359375000000000000000000000000000000
1.37478588357523645591129479726077988743782043457031250000000000000000000000000000
1.35985555749355002674860770639497786760330200195312500000000000000000000000000000
1.34613179768345747611135720944730564951896667480468750000000000000000000000000000
1.33349984583384939540451341599691659212112426757812500000000000000000000000000000
1.32185774362384855784569026582175865769386291503906250000000000000000000000000000
1.31111470275468366963877997477538883686065673828125000000000000000000000000000000
1.30118970823719637408544258505571633577346801757812500000000000000000000000000000
1.29201031878556604759467063558986410498619079589843750000000000000000000000000000
1.28351163405917412241308284137630835175514221191406250000000000000000000000000000
1.27563540322883528510544692835537716746330261230468750000000000000000000000000000
1.26832925338994906283573982364032417535781860351562500000000000000000000000000000
1.26154601982702563311988797067897394299507141113281250000000000000000000000000000
1.25524316276903968869760319648776203393936157226562500000000000000000000000000000
1.24938225797192270505320266238413751125335693359375000000000000000000000000000000
1.24392855033812188558783873304491862654685974121093750000000000000000000000000000
1.23885056154067796363449360796948894858360290527343750000000000000000000000000000
1.23411974401415069912957278575049713253974914550781250000000000000000000000000000
1.22971017507749413866235954628791660070419311523437500000000000000000000000000000
1.22559828582683860709323653281899169087409973144531250000000000000000000000000000
1.22176261995821988648458500392735004425048828125000000000000000000000000000000000
1.21818361941000974368876086373347789049148559570312500000000000000000000000000000
1.21484343244016756990788508119294419884681701660156250000000000000000000000000000
1.21172574301700719523466887039830908179283142089843750000000000000000000000000000
1.20881561721010744037130280048586428165435791015625000000000000000000000000000000
1.20609936642771620185499159561004489660263061523437500000000000000000000000000000
1.20356442427650422999363399867434054613113403320312500000000000000000000000000000
1.20119923621501056842930665879976004362106323242187500000000000000000000000000000
1.19899316084116769332013063831254839897155761718750000000000000000000000000000000
1.19693638116225375966905630775727331638336181640625000000000000000000000000000000
1.19501982482932289642008072405587881803512573242187500000000000000000000000000000
1.19323509275020156472635335376253351569175720214843750000000000000000000000000000
1.19157439481260318814292986644431948661804199218750000000000000000000000000000000
1.19003049326954046804871722997631877660751342773437500000000000000000000000000000
1.18859665014010240646769034356111660599708557128906250000000000000000000000000000
1.18726658212416968929403537913458421826362609863281250000000000000000000000000000
1.18603441808811371771525955409742891788482666015625000000000000000000000000000000
1.18489466397108067496901639970019459724426269531250000000000000000000000000000000
1.18384216845897083381089487374993041157722473144531250000000000000000000000000000
1.18287209317722563639563304604962468147277832031250000000000000000000000000000000
1.18197988792091157606023443804588168859481811523437500000000000000000000000000000
1.18116126615041316938459203811362385749816894531250000000000000000000000000000000
1.18041218201797626363713789032772183418273925781250000000000000000000000000000000
1.17972881536830143112126734195044264197349548339843750000000000000000000000000000
1.17910755446339421403934011323144659399986267089843750000000000000000000000000000
1.17854497397999469221474555524764582514762878417968750000000000000000000000000000
1.17803783582300147791954714193707332015037536621093750000000000000000000000000000
1.17758305919540506856435513327596709132194519042968750000000000000000000000000000
1.17717772760394034925468531582737341523170471191406250000000000000000000000000000
1.17681906557948545710701182542834430932998657226562500000000000000000000000000000
1.17650443393990689067152288771467283368110656738281250000000000000000000000000000
1.17623133258394840794380797888152301311492919921875000000000000000000000000000000
1.17599736628052653486520284786820411682128906250000000000000000000000000000000000
1.17580027661821850948342671472346410155296325683593750000000000000000000000000000
1.17563789993237222120114893186837434768676757812500000000000000000000000000000000
1.17550818281134428211487374937860295176506042480468750000000000000000000000000000
1.17540917028426439294719330064253881573677062988281250000000000000000000000000000
1.17533898953923365837681558332405984401702880859375000000000000000000000000000000
1.17529590535825279040693658316740766167640686035156250000000000000000000000000000
1.17527820989697429077125434560002759099006652832031250000000000000000000000000000
1.17528429679091295234627523313974961638450622558593750000000000000000000000000000
1.17531265952088381787632442865287885069847106933593750000000000000000000000000000
1.17536183765560853231590954237617552280426025390625000000000000000000000000000000
1.17543049415144018610135390190407633781433105468750000000000000000000000000000000
1.17551727840625130916407670156331732869148254394531250000000000000000000000000000
1.17562099100136596696586366306291893124580383300781250000000000000000000000000000
1.17574041190740108397960739239351823925971984863281250000000000000000000000000000
1.17587447777962506023641253705136477947235107421875000000000000000000000000000000
1.17602211328748462726423440471990033984184265136718750000000000000000000000000000
1.17618231349757773607223043654812499880790710449218750000000000000000000000000000
1.17635415507661034162367741373600438237190246582031250000000000000000000000000000
1.17653669946452432704120383277768269181251525878906250000000000000000000000000000
