9.17209865202811336359900451498106122016906738281250000000000000000000000000000000
5.93822636054080454925951926270499825477600097656250000000000000000000000000000000
4.51846577951310912624194315867498517036437988281250000000000000000000000000000000
3.70936605680858511036035451979842036962509155273437500000000000000000000000000000
3.18752814522759297943821366061456501483917236328125000000000000000000000000000000
2.82773873826589250413121590099763125181198120117187500000000000000000000000000000
2.56571933513950600769248922006227076053619384765625000000000000000000000000000000
2.36547411630588655384599405806511640548706054687500000000000000000000000000000000
2.20656481113901437041135977779049426317214965820312500000000000000000000000000000
2.07705800568029008701387283508665859699249267578125000000000000000000000000000000
1.96955110169474933989874898543348535895347595214843750000000000000000000000000000
1.87909155116653336925480743957450613379478454589843750000000000000000000000000000
1.80213866696580282678041839972138404846191406250000000000000000000000000000000000
1.73604264902766924905108680832199752330780029296875000000000000000000000000000000
1.67876633851508261230378593609202653169631958007812500000000000000000000000000000
1.62872067777246432029869538382627069950103759765625000000000000000000000000000000
1.58465628427591576077304580394411459565162658691406250000000000000000000000000000
1.54558566178017420256196601258125156164169311523437500000000000000000000000000000
1.51072444314167886325606104946928098797798156738281250000000000000000000000000000
1.47944595186104277395600092859240248799324035644531250000000000000000000000000000
1.45124585533306849072232580510899424552917480468750000000000000000000000000000000
1.42571475148029991331100063689518719911575317382812500000000000000000000000000000
1.40251704062698867581104877899633720517158508300781250000000000000000000000000000
1.38137474244199531803189984202617779374122619628906250000000000000000000000000000
1.36205515625137585367099291033810004591941833496093750000000000000000000000000000
1.34436147114756443521343953761970624327659606933593750000000000000000000000000000
1.32812561594024947098091615771409124135971069335937500000000000000000000000000000
1.31320279615106727533202501945197582244873046875000000000000000000000000000000000
1.29946729488324730361625825025839731097221374511718750000000000000000000000000000
1.28680921791627467243301907728891819715499877929687500000000000000000000000000000
1.27513194400242158010883031238336116075515747070312500000000000000000000000000000
1.26435010294337724090496521966997534036636352539062500000000000000000000000000000
1.25438795043567075104817831743275746703147888183593750000000000000000000000000000
1.24517804329295511678310504066757857799530029296875000000000000000000000000000000
1.23666014420822745201178349816473200917243957519531250000000000000000000000000000
1.22878030407716298810782973305322229862213134765625000000000000000000000000000000
1.22149008357072696995260230323765426874160766601562500000000000000000000000000000
1.21474588569894303979879168764455243945121765136718750000000000000000000000000000
1.20850837827629975507193194061983376741409301757812500000000000000000000000000000
1.20274199050712504721616369351977482438087463378906250000000000000000000000000000
1.19741447160649516767705335951177403330802917480468750000000000000000000000000000
1.19249650216286506854146409750683233141899108886718750000000000000000000000000000
1.18796135092183829939926908991765230894088745117187500000000000000000000000000000
1.18378457110846047051211371581302955746650695800781250000000000000000000000000000
1.17994373152664389081678564252797514200210571289062500000000000000000000000000000
1.17641817846686591586546910548349842429161071777343750000000000000000000000000000
1.17318882507161892370106670568929985165596008300781250000000000000000000000000000
1.17023796531736001824697268602903932332992553710937500000000000000000000000000000
1.16754911023215868226543534547090530395507812500000000000000000000000000000000000
1.16510684404654041301796496554743498563766479492187500000000000000000000000000000
1.16289669853322119585925520368618890643119812011718750000000000000000000000000000
1.16090504377820780135266431898344308137893676757812500000000000000000000000000000
1.15911899382591498941508234565844759345054626464843750000000000000000000000000000
1.15752632587780168726965257519623264670372009277343750000000000000000000000000000
1.15611541164263642578191593202063813805580139160156250000000000000000000000000000
1.15487515975759014175139327562646940350532531738281250000000000000000000000000000
1.15379496787119961709322524257004261016845703125000000000000000000000000000000000
1.15286468363910965528873475705040618777275085449218750000000000000000000000000000
1.15207457344261743337199277448235079646110534667968750000000000000000000000000000
1.15141529751623217237010976532474160194396972656250000000000000000000000000000000
1.15087789091831438348378924274584278464317321777343750000000000000000000000000000
1.15045374965451241422442762996070086956024169921875000000000000000000000000000000
1.15013462002680610929417071019997820258140563964843750000000000000000000000000000
1.14991259162606485055846405884949490427970886230468750000000000000000000000000000
1.14978009255986446390807032003067433834075927734375000000000000000000000000000000
1.14972988631118400171260418574092909693717956542968750000000000000000000000000000
1.14975506962412166167553095874609425663948059082031250000000000000000000000000000
1.14984907101774158633133993134833872318267822265625000000000000000000000000000000
1.15000564913580394232894832384772598743438720703125000000000000000000000000000000
1.15021889161899903974983772059204056859016418457031250000000000000000000000000000
1.15048321198048086877463447308400645852088928222656250000000000000000000000000000
1.15079334621609175037804106978001073002815246582031250000000000000000000000000000
1.15114434982287949793544612475670874118804931640625000000000000000000000000000000
1.15153159059987664214474989421432837843894958496093750000000000000000000000000000
1.15195074425589405464620540442410856485366821289062500000000000000000000000000000
1.15239778603321663119629647553665563464164733886718750000000000000000000000000000
1.15286898053575592726360810047481209039688110351562500000000000000000000000000000
1.15336087405806653194417776830960065126419067382812500000000000000000000000000000
1.15387028382088141498229560966137796640396118164062500000000000000000000000000000
1.15439428503679741844223372027045115828514099121093750000000000000000000000000000
1.15493020165619331152129234396852552890777587890625000000000000000000000000000000
1.15547559177836811628026225662324577569961547851562500000000000000000000000000000
1.15602823631020523720280834822915494441986083984375000000000000000000000000000000
1.15658612359630996735404551145620644092559814453125000000000000000000000000000000
1.15714743977534184615763024339685216546058654785156250000000000000000000000000000
1.15771055651387033691435135551728308200836181640625000000000000000000000000000000
1.15827401605306823384466952120419591665267944335937500000000000000000000000000000
1.15883651422265310237946778215700760483741760253906250000000000000000000000000000
1.15939689401168855020785031229024752974510192871093750000000000000000000000000000
1.15995414262561613583102371194399893283843994140625000000000000000000000000000000
1.16050736744836280323056598717812448740005493164062500000000000000000000000000000
1.16105577308246199486063687800196930766105651855468750000000000000000000000000000
1.16159868611322969478294453438138589262962341308593750000000000000000000000000000
1.16213553238781508447630130831385031342506408691406250000000000000000000000000000
1.16266580498470051274750858283368870615959167480468750000000000000000000000000000
1.16318907902221724270930280908942222595214843750000000000000000000000000000000000
1.16370499282809247709735700482269749045372009277343750000000000000000000000000000
1.16421326852019402231519507040502503514289855957031250000000000000000000000000000
1.16471366518607233331294992240145802497863769531250000000000000000000000000000000
1.16520596716390234526272706716554239392280578613281250000000000000000000000000000
1.16569007530350510215555459581082686781883239746093750000000000000000000000000000
