8.07439697688242041806461202213540673255920410156250000000000000000000000000000000
5.09429608815550860612120231962762773036956787109375000000000000000000000000000000
3.88059443519027702507173671619966626167297363281250000000000000000000000000000000
3.20378211581378824490684564807452261447906494140625000000000000000000000000000000
2.78329118860285262826437246985733509063720703125000000000000000000000000000000000
2.50420675850092866454588147462345659732818603515625000000000000000000000000000000
2.30904304545175964591408046544529497623443603515625000000000000000000000000000000
2.16659701420630179669046810886356979608535766601562500000000000000000000000000000
2.05878812097795016455847871839068830013275146484375000000000000000000000000000000
1.97453408753731562974564894830109551548957824707031250000000000000000000000000000
1.90672939299802779444803491060156375169754028320312500000000000000000000000000000
1.85066484956369858849711818038485944271087646484375000000000000000000000000000000
1.80314967342845799969097697612596675753593444824218750000000000000000000000000000
1.76199269063515773225958582770545035600662231445312500000000000000000000000000000
1.72567715873713423135882294445764273405075073242187500000000000000000000000000000
1.69314691872820133333732428582152351737022399902343750000000000000000000000000000
1.66366126624141319467753419303335249423980712890625000000000000000000000000000000
1.63669499372876359188921924214810132980346679687500000000000000000000000000000000
1.61186941485139656471403668547281995415687561035156250000000000000000000000000000
1.58890506525143093696783580526243895292282104492187500000000000000000000000000000
1.56758960455039297876567161438288167119026184082031250000000000000000000000000000
1.54775629015071780614221097494009882211685180664062500000000000000000000000000000
1.52926970314134380579673688771435990929603576660156250000000000000000000000000000
1.51201637097800878350994935317430645227432250976562500000000000000000000000000000
1.49589864434683827987271342863095924258232116699218750000000000000000000000000000
1.48083070297157082251260362681932747364044189453125000000000000000000000000000000
1.46673593554339598554747681191656738519668579101562500000000000000000000000000000
1.45354519452818031766128115123137831687927246093750000000000000000000000000000000
1.44119560209858610377864351903554052114486694335937500000000000000000000000000000
1.42962970374587361455098744045244529843330383300781250000000000000000000000000000
1.41879483513645432424254977377131581306457519531250000000000000000000000000000000
1.40864262641409587750729315303033217787742614746093750000000000000000000000000000
1.39912859308107240252638803212903439998626708984375000000000000000000000000000000
1.39021178768537811976102602784521877765655517578125000000000000000000000000000000
1.38185448474769922988514281314564868807792663574218750000000000000000000000000000
1.37402190631514020680015164543874561786651611328125000000000000000000000000000000
1.36668197481982667262911945726955309510231018066406250000000000000000000000000000
1.35980504632527376962514154001837596297264099121093750000000000000000000000000000
1.35336375888497273400901121931383386254310607910156250000000000000000000000000000
1.34733276417204694830331845878390595316886901855468750000000000000000000000000000
1.34168859096933501540149791253497824072837829589843750000000000000000000000000000
1.33640947167714951859807115397416055202484130859375000000000000000000000000000000
1.33147530305555106266979237261693924665451049804687500000000000000000000000000000
1.32686706211249294540266419062390923500061035156250000000000000000000000000000000
1.32256743092625561608599582541501149535179138183593750000000000000000000000000000
1.31856017573751471694265546830138191580772399902343750000000000000000000000000000
1.31482987394319184026869606896070763468742370605468750000000000000000000000000000
1.31136187465199061108478417736478149890899658203125000000000000000000000000000000
1.30814324915587509856607084657298400998115539550781250000000000000000000000000000
1.30516186664475197787282922945450991392135620117187500000000000000000000000000000
1.30240702785258255502753854671027511358261108398437500000000000000000000000000000
1.29986540087371116314329810847993940114974975585937500000000000000000000000000000
1.29752275715986842286042701744008809328079223632812500000000000000000000000000000
1.29537389308567463253041296411538496613502502441406250000000000000000000000000000
1.29341212373282532510643250134307891130447387695312500000000000000000000000000000
1.29164304956141462454866086773108690977096557617187500000000000000000000000000000
1.28999240972281392636489272263133898377418518066406250000000000000000000000000000
1.28855378160808142773419149307301267981529235839843750000000000000000000000000000
1.28721872684458960023334839206654578447341918945312500000000000000000000000000000
1.28599200400891033879702263220679014921188354492187500000000000000000000000000000
1.28513412240907420880375866545364260673522949218750000000000000000000000000000000
1.28410924606814891291151070618070662021636962890625000000000000000000000000000000
1.28315388857132872679756019351771101355552673339843750000000000000000000000000000
1.28299290850353386872484406922012567520141601562500000000000000000000000000000000
1.28213657738817388143104381015291437506675720214843750000000000000000000000000000
1.28160428671985426873902724764775484800338745117187500000000000000000000000000000
1.28175147181673421137304558214964345097541809082031250000000000000000000000000000
1.28290749541503235064965338096953928470611572265625000000000000000000000000000000
1.28273368440321977601570324623025953769683837890625000000000000000000000000000000
1.28255817920873704807149806583765894174575805664062500000000000000000000000000000
1.28302842201669342614422930637374520301818847656250000000000000000000000000000000
1.28263493023231744949441690550884231925010681152343750000000000000000000000000000
1.28282478019216816811365333705907687544822692871093750000000000000000000000000000
1.28415916428342158361886049533495679497718811035156250000000000000000000000000000
1.28295546900670243140041293372632935643196105957031250000000000000000000000000000
1.28537952411935330054859605297679081559181213378906250000000000000000000000000000
1.28584913942465473013498922227881848812103271484375000000000000000000000000000000
1.28630507646501857088594533706782385706901550292968750000000000000000000000000000
1.28683401775306260894637944147689267992973327636718750000000000000000000000000000
1.28744678303252868545314413495361804962158203125000000000000000000000000000000000
1.28798411839077098228756312892073765397071838378906250000000000000000000000000000
1.28846984818730825317345534131163731217384338378906250000000000000000000000000000
1.28929167425549162651066126272780820727348327636718750000000000000000000000000000
1.29019450491531029179270717577310279011726379394531250000000000000000000000000000
1.29037945544898380312304198014317080378532409667968750000000000000000000000000000
1.29244484812178361821111138851847499608993530273437500000000000000000000000000000
1.29330251276958296813290871796198189258575439453125000000000000000000000000000000
1.29417394092960247320434064022265374660491943359375000000000000000000000000000000
1.29508164247795320989098399877548217773437500000000000000000000000000000000000000
1.29601938682528383672831751027842983603477478027343750000000000000000000000000000
1.29693883234284057515139920724323019385337829589843750000000000000000000000000000
1.29790468806461789519346439192304387688636779785156250000000000000000000000000000
1.29890315337026840403211735974764451384544372558593750000000000000000000000000000
1.29992152769385294064363733923528343439102172851562500000000000000000000000000000
1.30087462857634394985950621048687025904655456542968750000000000000000000000000000
1.30188426354047992461460125923622399568557739257812500000000000000000000000000000
1.30300699628629157444947850308381021022796630859375000000000000000000000000000000
1.30402734131033537501309638173552230000495910644531250000000000000000000000000000
1.30489433271304466899209728580899536609649658203125000000000000000000000000000000
1.30613276949564394158187496941536664962768554687500000000000000000000000000000000
1.30715108889664000102470708952751010656356811523437500000000000000000000000000000
