10.79136227050467766730434959754347801208496093750000000000000000000000000000000000
7.71943900895836243591929815011098980903625488281250000000000000000000000000000000
6.66242128732340344043905133730731904506683349609375000000000000000000000000000000
6.55771616831183390416981637827120721340179443359375000000000000000000000000000000
6.62809262284063649417475971858948469161987304687500000000000000000000000000000000
6.45574973573423349648692237678915262222290039062500000000000000000000000000000000
6.17074640568150556418913765810430049896240234375000000000000000000000000000000000
5.90438193220235074676338626886717975139617919921875000000000000000000000000000000
5.67725617765838652672982789226807653903961181640625000000000000000000000000000000
5.48523119299259231951282345107756555080413818359375000000000000000000000000000000
5.32217127056100380855241382960230112075805664062500000000000000000000000000000000
5.18280646352835105972189921885728836059570312500000000000000000000000000000000000
5.06298324386531728436011690064333379268646240234375000000000000000000000000000000
4.95941871187680227706096047768369317054748535156250000000000000000000000000000000
4.86947620605832209861318915500305593013763427734375000000000000000000000000000000
4.79100997968969277707174114766530692577362060546875000000000000000000000000000000
4.72225930635490254161368284258060157299041748046875000000000000000000000000000000
4.66177197673054166671136044897139072418212890625000000000000000000000000000000000
4.60834579107585895485499349888414144515991210937500000000000000000000000000000000
4.56098216729572669692061026580631732940673828125000000000000000000000000000000000
4.51884872340854926164865901228040456771850585937500000000000000000000000000000000
4.48124891916140377645660919370129704475402832031250000000000000000000000000000000
4.44759741739732117338235184433870017528533935546875000000000000000000000000000000
4.41740009584898274397346540354192256927490234375000000000000000000000000000000000
4.39023787267840148729192151222378015518188476562500000000000000000000000000000000
4.36575354781836200146472037886269390583038330078125000000000000000000000000000000
4.34364143183761530764286362682469189167022705078125000000000000000000000000000000
4.32363823438372385510319872992113232612609863281250000000000000000000000000000000
4.30551630006468588618417925317771732807159423828125000000000000000000000000000000
4.28907789456382193549188741599209606647491455078125000000000000000000000000000000
4.27415233935547878019178824615664780139923095703125000000000000000000000000000000
4.26058836077566471800537328817881643772125244140625000000000000000000000000000000
4.24825130633517122902276241802610456943511962890625000000000000000000000000000000
4.23704984158705677543821366271004080772399902343750000000000000000000000000000000
4.22677007553722816624031111132353544235229492187500000000000000000000000000000000
4.21747287758751099318033084273338317871093750000000000000000000000000000000000000
4.20908405201199453671279115951620042324066162109375000000000000000000000000000000
4.20141313978582253696458792546764016151428222656250000000000000000000000000000000
4.19396025311068054719498832128010690212249755859375000000000000000000000000000000
4.18928268023770300487740314565598964691162109375000000000000000000000000000000000
4.18450651723342659238369378726929426193237304687500000000000000000000000000000000
4.18078005536867713942683622008189558982849121093750000000000000000000000000000000
4.17648056875674456023261882364749908447265625000000000000000000000000000000000000
4.17192986167517165796425615553744137287139892578125000000000000000000000000000000
4.16797925015105796830994222545996308326721191406250000000000000000000000000000000
4.16635546793145028487970193964429199695587158203125000000000000000000000000000000
4.16415862867995123508535471046343445777893066406250000000000000000000000000000000
4.16124171360890215964900562539696693420410156250000000000000000000000000000000000
4.15879982187626406897607012069784104824066162109375000000000000000000000000000000
4.15631223750701561669984585023485124111175537109375000000000000000000000000000000
4.15504895270821883457301737507805228233337402343750000000000000000000000000000000
4.15325558172145825608367886161431670188903808593750000000000000000000000000000000
4.15292072419024460572245516232214868068695068359375000000000000000000000000000000
4.15199452637140620225864040548913180828094482421875000000000000000000000000000000
4.14982231512082311297717751585878431797027587890625000000000000000000000000000000
4.15020040177619176091639019432477653026580810546875000000000000000000000000000000
4.14829380341111608743176475400105118751525878906250000000000000000000000000000000
4.15009788893659958830539835616946220397949218750000000000000000000000000000000000
4.14821642336243456838928977958858013153076171875000000000000000000000000000000000
4.15066832960742893021688360022380948066711425781250000000000000000000000000000000
4.14978852004500975425571596133522689342498779296875000000000000000000000000000000
4.14943877352807888314600859303027391433715820312500000000000000000000000000000000
4.15037540727603726509187254123389720916748046875000000000000000000000000000000000
4.14969702950678964725739206187427043914794921875000000000000000000000000000000000
4.14989620444685858302591441315598785877227783203125000000000000000000000000000000
4.14968135395123649544757427065633237361907958984375000000000000000000000000000000
4.15130225976652766917140979785472154617309570312500000000000000000000000000000000
4.15206705005477516579048824496567249298095703125000000000000000000000000000000000
4.15160917395262618612150617991574108600616455078125000000000000000000000000000000
4.15145887469122421009615209186449646949768066406250000000000000000000000000000000
4.15327963808795619371494467486627399921417236328125000000000000000000000000000000
4.15383009410284653739608984324149787425994873046875000000000000000000000000000000
4.15425743295492466700125078205019235610961914062500000000000000000000000000000000
4.15518814287737292545443779090419411659240722656250000000000000000000000000000000
4.15599734364034034683754725847393274307250976562500000000000000000000000000000000
4.15631762385742486998196909553371369838714599609375000000000000000000000000000000
4.15785159064612663826210336992517113685607910156250000000000000000000000000000000
4.15851218029454816615952950087375938892364501953125000000000000000000000000000000
4.15942762039406943586072884500026702880859375000000000000000000000000000000000000
4.15960052522367629279642642359249293804168701171875000000000000000000000000000000
4.16146246532999430911559102241881191730499267578125000000000000000000000000000000
4.16125582302163898873459402238950133323669433593750000000000000000000000000000000
4.16303913072226983160817326279357075691223144531250000000000000000000000000000000
4.16310762386116905986455094534903764724731445312500000000000000000000000000000000
4.16508282317148736950684906332753598690032958984375000000000000000000000000000000
4.16593997542247507226420566439628601074218750000000000000000000000000000000000000
4.16668914819938951410449590184725821018218994140625000000000000000000000000000000
4.16733718388298512991241295821964740753173828125000000000000000000000000000000000
4.16874484443829906865630618995055556297302246093750000000000000000000000000000000
4.16964561527744326241418093559332191944122314453125000000000000000000000000000000
4.17026751698589670525052497396245598793029785156250000000000000000000000000000000
4.17162271932720507550129696028307080268859863281250000000000000000000000000000000
4.17231988020247523962780178408138453960418701171875000000000000000000000000000000
4.17361063310308910700996420928277075290679931640625000000000000000000000000000000
4.17472411686792632679043890675529837608337402343750000000000000000000000000000000
4.17564807248978375753267755499109625816345214843750000000000000000000000000000000
4.17598403025156805767892365111038088798522949218750000000000000000000000000000000
4.17731144653718278192400248371995985507965087890625000000000000000000000000000000
4.17829156461022144242178910644724965095520019531250000000000000000000000000000000
4.17942206486509082452585062128491699695587158203125000000000000000000000000000000
4.18043566097908936285421077627688646316528320312500000000000000000000000000000000
