8.58004578637982362465663754846900701522827148437500000000000000000000000000000000
4.45942177084222546312730628415010869503021240234375000000000000000000000000000000
3.24138888340680209054767146881204098463058471679687500000000000000000000000000000
2.70461854179971705747220767079852521419525146484375000000000000000000000000000000
2.39096879326577615998417059017810970544815063476562500000000000000000000000000000
2.18145198915120008820167640806175768375396728515625000000000000000000000000000000
2.03320442086056063502041979518253356218338012695312500000000000000000000000000000
1.92483797359734953857923756004311144351959228515625000000000000000000000000000000
1.84308841011077029214959566161269322037696838378906250000000000000000000000000000
1.77902416354526993202966878016013652086257934570312500000000000000000000000000000
1.72662983391138791233743177144788205623626708984375000000000000000000000000000000
1.68198723998831023429545439284993335604667663574218750000000000000000000000000000
1.64265105392017574104102095589041709899902343750000000000000000000000000000000000
1.60715621835751520940505088219651952385902404785156250000000000000000000000000000
1.57465180691518669142681119410553947091102600097656250000000000000000000000000000
1.54464864378186184090679944347357377409934997558593750000000000000000000000000000
1.51685736920803293514836695976555347442626953125000000000000000000000000000000000
1.49109127107101824272206158639164641499519348144531250000000000000000000000000000
1.46721179592576245198642936884425580501556396484375000000000000000000000000000000
1.44510031123407811648462484299670904874801635742187500000000000000000000000000000
1.42464502564079742441549569775816053152084350585937500000000000000000000000000000
1.40573609072357608162917586014373227953910827636718750000000000000000000000000000
1.38826474548762557326142541569424793124198913574218750000000000000000000000000000
1.37212418176591244289852511428762227296829223632812500000000000000000000000000000
1.35721091009383765246809616655809804797172546386718750000000000000000000000000000
1.34342604286804601088078925386071205139160156250000000000000000000000000000000000
1.33067626286842988214687011350179091095924377441406250000000000000000000000000000
1.31887442707991064949624160362873226404190063476562500000000000000000000000000000
1.30793984081167979915960586367873474955558776855468750000000000000000000000000000
1.29779826916339890985341298801358789205551147460937500000000000000000000000000000
1.28838175764258089373015536693856120109558105468750000000000000000000000000000000
1.27962832586136698864720528945326805114746093750000000000000000000000000000000000
1.27148158580387704574832241632975637912750244140625000000000000000000000000000000
1.26389032334267725765641898760804906487464904785156250000000000000000000000000000
1.25680807034626318419157087191706523299217224121093750000000000000000000000000000
1.25019268561615581880630543309962376952171325683593750000000000000000000000000000
1.24400595594876262062200567015679553151130676269531250000000000000000000000000000
1.23821322361172891923786210099933668971061706542968750000000000000000000000000000
1.23278304312485276206245998764643445611000061035156250000000000000000000000000000
1.22768686789463710162806364678544923663139343261718750000000000000000000000000000
1.22289876592927471143923412455478683114051818847656250000000000000000000000000000
1.21839516299354810868749154906254261732101440429687500000000000000000000000000000
1.21415461118021550390722040901891887187957763671875000000000000000000000000000000
1.21015758071596546407988626015139743685722351074218750000000000000000000000000000
1.20638627285152355561592685262439772486686706542968750000000000000000000000000000
1.20282445175347252330766423256136476993560791015625000000000000000000000000000000
1.19945729348537577507727291958872228860855102539062500000000000000000000000000000
1.19627125031614256478462721133837476372718811035156250000000000000000000000000000
1.19325392878991332068494557461235672235488891601562500000000000000000000000000000
1.19039398009592800597999939782312139868736267089843750000000000000000000000000000
1.18768100149934618947611397743457928299903869628906250000000000000000000000000000
1.18510544764306668952258405624888837337493896484375000000000000000000000000000000
1.18265855074018011450220910774078220129013061523437500000000000000000000000000000
1.18033224872265818383709756744792684912681579589843750000000000000000000000000000
1.17811912049244837952244324696948751807212829589843750000000000000000000000000000
1.17601232763133123349064135254593566060066223144531250000000000000000000000000000
1.17400556178931791961872477259021252393722534179687500000000000000000000000000000
1.17209299730359584046368581766728311777114868164062500000000000000000000000000000
1.17026924834042378442688914219615980982780456542968750000000000000000000000000000
1.16852933029446992563293861167039722204208374023437500000000000000000000000000000
1.16686862481910802458173748163972049951553344726562500000000000000000000000000000
1.16528284828764205904860773443942889571189880371093750000000000000000000000000000
1.16376802318978067596333403344033285975456237792968750000000000000000000000000000
1.16232045222713598064956386224366724491119384765625000000000000000000000000000000
1.16093669487113348992579631158150732517242431640625000000000000000000000000000000
1.15961354609364164502949279267340898513793945312500000000000000000000000000000000
1.15834801696632938572406601451802998781204223632812500000000000000000000000000000
1.15713731719375134687766148999799042940139770507812500000000000000000000000000000
1.15597883902041242976110879681073129177093505859375000000000000000000000000000000
1.15487014280410349442718143109232187271118164062500000000000000000000000000000000
1.15380894352201024410931040620198473334312438964843750000000000000000000000000000
1.15279309906060589696608076337724924087524414062500000000000000000000000000000000
1.15182059868691055726230842992663383483886718750000000000000000000000000000000000
1.15088955335352727260556093824561685323715209960937500000000000000000000000000000
1.14999818623796290495420180377550423145294189453125000000000000000000000000000000
1.14914482443733501071392311132512986660003662109375000000000000000000000000000000
1.14832789105873156465520423807902261614799499511718750000000000000000000000000000
1.14754589824472685855027975776465609669685363769531250000000000000000000000000000
1.14679744065695299326534950523637235164642333984375000000000000000000000000000000
1.14608118954299431635490691405721008777618408203125000000000000000000000000000000
1.14539588709873818572759773815050721168518066406250000000000000000000000000000000
1.14474034137024283097616716986522078514099121093750000000000000000000000000000000
1.14411342229686230353991049923934042453765869140625000000000000000000000000000000
1.14351405639829550864305929280817508697509765625000000000000000000000000000000000
1.14294122359962413426615057687740772962570190429687500000000000000000000000000000
1.14239395341147198514875071850838139653205871582031250000000000000000000000000000
1.14187132156290549467314576759235933423042297363281250000000000000000000000000000
1.14137244733388021344921980926301330327987670898437500000000000000000000000000000
1.14089648976726998341746366349980235099792480468750000000000000000000000000000000
1.14044264612421075710813056502956897020339965820312500000000000000000000000000000
1.14001014887308249612374311254825443029403686523437500000000000000000000000000000
1.13959826386603291226151668524835258722305297851562500000000000000000000000000000
1.13920628788650235563295609608758240938186645507812500000000000000000000000000000
1.13883354729255414916622157761594280600547790527343750000000000000000000000000000
1.13847939573449896677459491911577060818672180175781250000000000000000000000000000
1.13814321237096383043763125897385179996490478515625000000000000000000000000000000
1.13782440191677980401152581180213019251823425292968750000000000000000000000000000
1.13752239086608142315526492893695831298828125000000000000000000000000000000000000
1.13723662818905402183133901417022570967674255371093750000000000000000000000000000
1.13696658298484387650262306124204769730567932128906250000000000000000000000000000
1.13671174525098894747543454286642372608184814453125000000000000000000000000000000
