7.03010860845793494888766872463747859001159667968750000000000000000000000000000000
5.06951354335845216780853661475703120231628417968750000000000000000000000000000000
4.11087000255268542048270319355651736259460449218750000000000000000000000000000000
3.49521734622454927077228603593539446592330932617187500000000000000000000000000000
3.04411178956059647049414706998504698276519775390625000000000000000000000000000000
2.69381770719052182627706315543036907911300659179687500000000000000000000000000000
2.41431392693126367632316942035686224699020385742187500000000000000000000000000000
2.18757944619426991650357194885145872831344604492187500000000000000000000000000000
2.00108716171038913955726457061246037483215332031250000000000000000000000000000000
1.84564213833939105846582151571055874228477478027343750000000000000000000000000000
1.71444873116448581740201007050927728414535522460937500000000000000000000000000000
1.60250693086523554597988550085574388504028320312500000000000000000000000000000000
1.50613091998628090273371071816654875874519348144531250000000000000000000000000000
1.42256792731275072405594528390793129801750183105468750000000000000000000000000000
1.34971673478653664268733791686827316880226135253906250000000000000000000000000000
1.28593249574340973140351707115769386291503906250000000000000000000000000000000000
1.22989660509905296414956410444574430584907531738281250000000000000000000000000000
1.18053100100559937857269687810912728309631347656250000000000000000000000000000000
1.13694099751900190575781834922963753342628479003906250000000000000000000000000000
1.09837589793439249774564814288169145584106445312500000000000000000000000000000000
1.06420068302753079159117532981326803565025329589843750000000000000000000000000000
1.03387478122615550368834647088078781962394714355468750000000000000000000000000000
1.00693558417952910843951030983589589595794677734375000000000000000000000000000000
0.98298532433047913769996739574708044528961181640625000000000000000000000000000000
0.96168046117652095094996411717147566378116607666015625000000000000000000000000000
0.94272301514970768820944613253232091665267944335937500000000000000000000000000000
0.92585345273813624000780464484705589711666107177734375000000000000000000000000000
0.91084482472845784695181237111683003604412078857421875000000000000000000000000000
0.89749792333995592752415859649772755801677703857421875000000000000000000000000000
0.88563726963701494554470627917908132076263427734375000000000000000000000000000000
0.87510777771621772735954891686560586094856262207031250000000000000000000000000000
0.86577197048947451829548072055331431329250335693359375000000000000000000000000000
0.85750764522480915630353592860046774148941040039062500000000000000000000000000000
0.85020590633741555119939903306658379733562469482421875000000000000000000000000000
0.84376949885135521522983026443398557603359222412109375000000000000000000000000000
0.83811138901243409371488723991205915808677673339843750000000000000000000000000000
0.83315354907976924003776275640120729804039001464843750000000000000000000000000000
0.82882591181333908902928442330448888242244720458984375000000000000000000000000000
0.82506546691712667751517074066214263439178466796875000000000000000000000000000000
0.82181547702692914203481677759555168449878692626953125000000000000000000000000000
0.81902479501422920105113689714926294982433319091796875000000000000000000000000000
0.81664726765736317393162835287512280046939849853515625000000000000000000000000000
0.81464121331231587053167686462984420359134674072265625000000000000000000000000000
0.81296896320944755931492409217753447592258453369140625000000000000000000000000000
0.81159645765665811012468111584894359111785888671875000000000000000000000000000000
0.81049288967183874543565025305724702775478363037109375000000000000000000000000000
0.80963038967074418827962745126569643616676330566406250000000000000000000000000000
0.80898374567697795001208760368172079324722290039062500000000000000000000000000000
0.80853015431182606587157124522491358220577239990234375000000000000000000000000000
0.80824899840380659554739395389333367347717285156250000000000000000000000000000000
0.80812164771398664608881290405406616628170013427734375000000000000000000000000000
0.80813127965700648491775837101158685982227325439453125000000000000000000000000000
0.80826271742875510639692038239445537328720092773437500000000000000000000000000000
0.80850228329826989703832396116922609508037567138671875000000000000000000000000000
0.80883766516200683582837882568128407001495361328125000000000000000000000000000000
0.80925779474734005347613674530293792486190795898437500000000000000000000000000000
0.80975273615974441288045682085794396698474884033203125000000000000000000000000000
0.81031358361878702556424514114041812717914581298828125000000000000000000000000000
0.81093236742614482892577143502421677112579345703125000000000000000000000000000000
0.81160196750470747772965296462643891572952270507812500000000000000000000000000000
0.81231603361134052665448734842357225716114044189453125000000000000000000000000000
0.81306891197162090012540147654362954199314117431640625000000000000000000000000000
0.81385557760013538253218712270609103143215179443359375000000000000000000000000000
0.81467157203493723027776240996900014579296112060546875000000000000000000000000000
0.81551294610264568607504997999058105051517486572265625000000000000000000000000000
0.81637620740108207684215813060291111469268798828125000000000000000000000000000000
0.81725827209188917077398173205438069999217987060546875000000000000000000000000000
0.81815642096546836725678986113052815198898315429687500000000000000000000000000000
0.81906825917495207356466835335595533251762390136718750000000000000000000000000000
0.81999167983214016341975138857378624379634857177734375000000000000000000000000000
0.82092483067092136828080128907458856701850891113281250000000000000000000000000000
0.82186608427424368006342092485283501446247100830078125000000000000000000000000000
0.82281401078263116666278165212133899331092834472656250000000000000000000000000000
0.82376735361754094277841886651003733277320861816406250000000000000000000000000000
0.82472500771655332663101489742984995245933532714843750000000000000000000000000000
0.82568599985511670347193557972786948084831237792968750000000000000000000000000000
0.82664947136080446643546792984125204384326934814453125000000000000000000000000000
0.82761466268114591837701254917192272841930389404296875000000000000000000000000000
0.82858089961891023822460056180716492235660552978515625000000000000000000000000000
0.82954758122468497116841490424121730029582977294921875000000000000000000000000000
0.83051416952313394936879831220721825957298278808593750000000000000000000000000000
0.83148017984593780571600518669583834707736968994140625000000000000000000000000000
0.83244517306925003286011133241117931902408599853515625000000000000000000000000000
0.83340874847939971914456691592931747436523437500000000000000000000000000000000000
0.83437053780437531180780297290766611695289611816406250000000000000000000000000000
0.83533019999264179755726900111767463386058807373046875000000000000000000000000000
0.83628741656830851702864038088591769337654113769531250000000000000000000000000000
0.83724188858188108852687037142459303140640258789062500000000000000000000000000000
0.83819333265135975707949000934604555368423461914062500000000000000000000000000000
0.83914147892087176394682046520756557583808898925781250000000000000000000000000000
0.84008606855180145700501270766835659742355346679687500000000000000000000000000000
0.84102685195007864660254881528089754283428192138671875000000000000000000000000000
0.84196358805962157045854610259993933141231536865234375000000000000000000000000000
0.84289604239919324601970629373681731522083282470703125000000000000000000000000000
0.84382398585882933961244134479784406721591949462890625000000000000000000000000000
0.84474719580622481540643775588250719010829925537109375000000000000000000000000000
0.84566545392643910350471969650243408977985382080078125000000000000000000000000000
0.84657854635086093875173673950484953820705413818359375000000000000000000000000000
0.84748626491492839996055863593937829136848449707031250000000000000000000000000000
0.84838840363539647082546935052960179746150970458984375000000000000000000000000000
0.84928476383068907118456536409212276339530944824218750000000000000000000000000000
