7.79365896009752923134783486602827906608581542968750000000000000000000000000000000
4.95055417429310917754037291160784661769866943359375000000000000000000000000000000
3.72989042544235971377020177897065877914428710937500000000000000000000000000000000
3.08788246758554496551596457720734179019927978515625000000000000000000000000000000
2.69671177279376905744356918148696422576904296875000000000000000000000000000000000
2.43255324496464719885580052505247294902801513671875000000000000000000000000000000
2.23920793413762231338637320732232183218002319335937500000000000000000000000000000
2.08834168225840288712902292900253087282180786132812500000000000000000000000000000
1.96500552973739472939485040114959701895713806152343750000000000000000000000000000
1.86121484762623068398568193515529856085777282714843750000000000000000000000000000
1.77267032098271837270431205979548394680023193359375000000000000000000000000000000
1.69692961458240998418034450878622010350227355957031250000000000000000000000000000
1.63237399518446912871638687647646293044090270996093750000000000000000000000000000
1.57766910394414527907258616323815658688545227050781250000000000000000000000000000
1.53153829095007432137265368510270491242408752441406250000000000000000000000000000
1.49271562514022337886387958860723301768302917480468750000000000000000000000000000
1.45998132130039315335068295098608359694480895996093750000000000000000000000000000
1.43221681760203400912700999469961971044540405273437500000000000000000000000000000
1.40844702956941247862232557963579893112182617187500000000000000000000000000000000
1.38785924411515493304136725782882422208786010742187500000000000000000000000000000
1.36980070892037808505392604274675250053405761718750000000000000000000000000000000
1.35376200668229929036101566452998667955398559570312500000000000000000000000000000
1.33935363915041683036122321937000378966331481933593750000000000000000000000000000
1.32628144585885765494026600208599120378494262695312500000000000000000000000000000
1.31432423660766284356782307440880686044692993164062500000000000000000000000000000
1.30331515577813705775156449817586690187454223632812500000000000000000000000000000
1.29312706226836415801528801239328458905220031738281250000000000000000000000000000
1.28366153973204633054194800934055820107460021972656250000000000000000000000000000
1.27484088264688044667138910881476476788520812988281250000000000000000000000000000
1.26660237149654686383826174278510734438896179199218750000000000000000000000000000
1.25889423336210759529762981401290744543075561523437500000000000000000000000000000
1.25167280632695820941080455668270587921142578125000000000000000000000000000000000
1.24490054671063821167820151458727195858955383300781250000000000000000000000000000
1.23854461976153706892489481106167659163475036621093750000000000000000000000000000
1.23257589272129242097264523181365802884101867675781250000000000000000000000000000
1.22696820611080692486893894965760409832000732421875000000000000000000000000000000
1.22169783884322868949823259754339233040809631347656250000000000000000000000000000
1.21674310980477651256137505697552114725112915039062500000000000000000000000000000
1.21208407669562712172250940056983381509780883789062500000000000000000000000000000
1.20770230493610042366015022707870230078697204589843750000000000000000000000000000
1.20358068757999725484353348292643204331398010253906250000000000000000000000000000
1.19970330260284807621928848675452172756195068359375000000000000000000000000000000
1.19605529770662610822284932510228827595710754394531250000000000000000000000000000
1.19262279556996553253611637046560645103454589843750000000000000000000000000000000
1.18939281419612008505737321684136986732482910156250000000000000000000000000000000
1.18635319859298871136843445128761231899261474609375000000000000000000000000000000
1.18349256109021938598857559554744511842727661132812500000000000000000000000000000
1.18080022801667849918771935335826128721237182617187500000000000000000000000000000
1.17826619170295820993032975820824503898620605468750000000000000000000000000000000
1.17588106650479073955750664026709273457527160644531250000000000000000000000000000
1.17363604809076194079864308150717988610267639160156250000000000000000000000000000
1.17152287562439272328163042402593418955802917480468750000000000000000000000000000
1.16953379687352732041460967593593522906303405761718750000000000000000000000000000
1.16766153490017687843760540999937802553176879882812500000000000000000000000000000
1.16589925740880051563408414949662983417510986328125000000000000000000000000000000
1.16424054775861929300617703120224177837371826171875000000000000000000000000000000
1.16267937837974510983940490405075252056121826171875000000000000000000000000000000
1.16121008487608801118540213792584836483001708984375000000000000000000000000000000
1.15982734257571018510191152017796412110328674316406250000000000000000000000000000
1.15852614434570666546164829924236983060836791992187500000000000000000000000000000
1.15730178089924273798771992005640640854835510253906250000000000000000000000000000
1.15614982088739570720292704208986833691596984863281250000000000000000000000000000
1.15506609233982704409982034121640026569366455078125000000000000000000000000000000
1.15404666793501564647783652617363259196281433105468750000000000000000000000000000
1.15308784755780879827113949431804940104484558105468750000000000000000000000000000
1.15218614663637208828106395230861380696296691894531250000000000000000000000000000
1.15133827950613931712098292337032034993171691894531250000000000000000000000000000
1.15054114899421189299744128220481798052787780761718750000000000000000000000000000
1.14979183474884583127106907340930774807929992675781250000000000000000000000000000
1.14908758311624104031523074809229001402854919433593750000000000000000000000000000
1.14842579645459252901673607993870973587036132812500000000000000000000000000000000
1.14780402135504733251991638098843395709991455078125000000000000000000000000000000
1.14721994595960596896588867821265012025833129882812500000000000000000000000000000
1.14667138904661092269066102744545787572860717773437500000000000000000000000000000
1.14615628571116068279422961495583876967430114746093750000000000000000000000000000
1.14567269745703437244799260952277109026908874511718750000000000000000000000000000
1.14521878107480401531859115493716672062873840332031250000000000000000000000000000
1.14479280353982515450184109795372933149337768554687500000000000000000000000000000
1.14439313391107488904196998191764578223228454589843750000000000000000000000000000
1.14401823131516389153716772852931171655654907226562500000000000000000000000000000
1.14366662767877369510927110241027548909187316894531250000000000000000000000000000
1.14333694854995782108630919537972658872604370117187500000000000000000000000000000
1.14302791344982423993315023835748434066772460937500000000000000000000000000000000
1.14273826072639472783976088976487517356872558593750000000000000000000000000000000
1.14246687510074873550536267430288717150688171386718750000000000000000000000000000
1.14221265436142482840864431636873632669448852539062500000000000000000000000000000
1.14197455978059236869626147381495684385299682617187500000000000000000000000000000
1.14175162827128118259167877113213762640953063964843750000000000000000000000000000
1.14154295389490245682395652693230658769607543945312500000000000000000000000000000
1.14134764965909041301017623482039198279380798339843750000000000000000000000000000
1.14116493558355980297847054316662251949310302734375000000000000000000000000000000
1.14099406247653334389724477659910917282104492187500000000000000000000000000000000
1.14083426717897418178893076401436701416969299316406250000000000000000000000000000
1.14068483574927803658738412195816636085510253906250000000000000000000000000000000
1.14054525175215171195475249987794086337089538574218750000000000000000000000000000
1.14041480643217507662257048650644719600677490234375000000000000000000000000000000
1.14029297993092826324357247358420863747596740722656250000000000000000000000000000
1.14017923321170155936954415665240958333015441894531250000000000000000000000000000
1.14007321549606110977492789970710873603820800781250000000000000000000000000000000
1.13997410063720816530974389024777337908744812011718750000000000000000000000000000
1.13988169525297178275025089533301070332527160644531250000000000000000000000000000
