8.03191355411152407839381339726969599723815917968750000000000000000000000000000000
5.45480825491528520387873868457973003387451171875000000000000000000000000000000000
4.42569954059946990554408330353908240795135498046875000000000000000000000000000000
3.84703026757900223842057130241300910711288452148437500000000000000000000000000000
3.42098235442593301414149209449533373117446899414062500000000000000000000000000000
3.08880186817005286670223540568258613348007202148437500000000000000000000000000000
2.82624629877775479513957179733552038669586181640625000000000000000000000000000000
2.61571110773145010242046737403143197298049926757812500000000000000000000000000000
2.44409673278935413165413592651020735502243041992187500000000000000000000000000000
2.30192344275049975976799032650887966156005859375000000000000000000000000000000000
2.18240042064188610737573981168679893016815185546875000000000000000000000000000000
2.08064755068188711462084938830230385065078735351562500000000000000000000000000000
1.99311386767201281777772692294092848896980285644531250000000000000000000000000000
1.91716591959183424442869636550312861800193786621093750000000000000000000000000000
1.85080586191536267115509417635621502995491027832031250000000000000000000000000000
1.79248218876243980979268144437810406088829040527343750000000000000000000000000000
1.74096361777945718429805310734082013368606567382812500000000000000000000000000000
1.69525467947892427567069262295262888073921203613281250000000000000000000000000000
1.65453834389041198882353000954026356339454650878906250000000000000000000000000000
1.61813608025049671113038129988126456737518310546875000000000000000000000000000000
1.58547923328825279831733041646657511591911315917968750000000000000000000000000000
1.55608787516257240923778226715512573719024658203125000000000000000000000000000000
1.52955472439983863885970549745252355933189392089843750000000000000000000000000000
1.50553260618824502614643279230222105979919433593750000000000000000000000000000000
1.48372446870614460578963189618661999702453613281250000000000000000000000000000000
1.46387530223354200842322825337760150432586669921875000000000000000000000000000000
1.44576551484691639970492360589560121297836303710937500000000000000000000000000000
1.42920545033164936299385772144887596368789672851562500000000000000000000000000000
1.41403081999500668253233470750274136662483215332031250000000000000000000000000000
1.40009887764559515233031561365351080894470214843750000000000000000000000000000000
1.38728520652645870292474228335777297616004943847656250000000000000000000000000000
1.37548101477433193373656195035437121987342834472656250000000000000000000000000000
1.36459085609373076408701308537274599075317382812500000000000000000000000000000000
1.35453070729923985560105847980594262480735778808593750000000000000000000000000000
1.34522634590702505619219664367847144603729248046875000000000000000000000000000000
1.33661198011132298368863757787039503455162048339843750000000000000000000000000000
1.32862909093911785163300010026432573795318603515625000000000000000000000000000000
1.32122545264274116050273732980713248252868652343750000000000000000000000000000000
1.31435430264495023422455233230721205472946166992187500000000000000000000000000000
1.30797363686353462775002753915032371878623962402343750000000000000000000000000000
1.30204561011561859018570430635008960962295532226562500000000000000000000000000000
1.29653602457199013109345742122968658804893493652343750000000000000000000000000000
1.29141389202443979122847395046846941113471984863281250000000000000000000000000000
1.28665105815180114134932409797329455614089965820312500000000000000000000000000000
1.28222187883758809157086488994536921381950378417968750000000000000000000000000000
1.27810294046933803358001568994950503110885620117187500000000000000000000000000000
1.27427281727051266990713429549941793084144592285156250000000000000000000000000000
1.27071186011884629252222111972514539957046508789062500000000000000000000000000000
1.26740201210091241179611643019597977399826049804687500000000000000000000000000000
1.26432664685252960090622309508034959435462951660156250000000000000000000000000000
1.26147042647643026214154815534129738807678222656250000000000000000000000000000000
1.25881917628619111049204093433218076825141906738281250000000000000000000000000000
1.25635977400130394165955749485874548554420471191406250000000000000000000000000000
1.25408005151986268188579742854926735162734985351562500000000000000000000000000000
1.25196870766690571130652642750646919012069702148437500000000000000000000000000000
1.25001523037863093712473983032396063208580017089843750000000000000000000000000000
1.24820982730908758284726900456007570028305053710937500000000000000000000000000000
1.24654336368959817171742088248720392584800720214843750000000000000000000000000000
1.24500730668479886453781091404380276799201965332031250000000000000000000000000000
1.24359367540221898984498238860396668314933776855468750000000000000000000000000000
1.24229499596659831439637855510227382183074951171875000000000000000000000000000000
1.24110426105189119994065549690276384353637695312500000000000000000000000000000000
1.24001489339191417471397471672389656305313110351562500000000000000000000000000000
1.23902071271921276895966457232134416699409484863281250000000000000000000000000000
1.23811590618965872145906814694171771407127380371093750000000000000000000000000000
1.23729500124677826988772721961140632629394531250000000000000000000000000000000000
1.23655284110325536239827215467812493443489074707031250000000000000000000000000000
1.23588456279891545364080229774117469787597656250000000000000000000000000000000000
1.23528557693877383272251790913287550210952758789062500000000000000000000000000000
1.23475154907778961188569155638106167316436767578125000000000000000000000000000000
1.23427838367519271400851721409708261489868164062500000000000000000000000000000000
1.23386220820221059746302216808544471859931945800781250000000000000000000000000000
1.23349935966549506538569858093978837132453918457031250000000000000000000000000000
1.23318637164426347929691019089659675955772399902343750000000000000000000000000000
1.23291996346151377927924386312952265143394470214843750000000000000000000000000000
1.23269702783788726030422822077525779604911804199218750000000000000000000000000000
1.23251462251058541141901514492928981781005859375000000000000000000000000000000000
1.23236996138632881603314217500155791640281677246093750000000000000000000000000000
1.23226040419024029937133946077665314078330993652343750000000000000000000000000000
1.23218345228674652780398446338949725031852722167968750000000000000000000000000000
1.23213673746427754274179733329219743609428405761718750000000000000000000000000000
1.23211801802222797874719617539085447788238525390625000000000000000000000000000000
1.23212517192111414843225247750524431467056274414062500000000000000000000000000000
1.23215619137263820981331718940054997801780700683593750000000000000000000000000000
1.23220917489469217187547656067181378602981567382812500000000000000000000000000000
1.23228232940612536516766795102739706635475158691406250000000000000000000000000000
1.23237395369170066317110467934980988502502441406250000000000000000000000000000000
1.23248244455509303740825544082326814532279968261718750000000000000000000000000000
1.23260628976517216948138866428053006529808044433593750000000000000000000000000000
1.23274406010297132851860624214168637990951538085937500000000000000000000000000000
1.23289440885516277113254091091221198439598083496093750000000000000000000000000000
1.23305606733905848138022065541008487343788146972656250000000000000000000000000000
1.23322784452333755744746213167672976851463317871093750000000000000000000000000000
1.23340861601110995948715753911528736352920532226562500000000000000000000000000000
1.23359733371030810822333023679675534367561340332031250000000000000000000000000000
1.23379300403715075340471685194643214344978332519531250000000000000000000000000000
1.23399469760835156506573184742592275142669677734375000000000000000000000000000000
1.23420155349585236592702131019905209541320800781250000000000000000000000000000000
1.23441276567951385700894206820521503686904907226562500000000000000000000000000000
1.23462756165365128424582508159801363945007324218750000000000000000000000000000000
1.23484526570893238250903323205420747399330139160156250000000000000000000000000000
