7.38594875344680534823282869183458387851715087890625000000000000000000000000000000
5.44454505996253423916186875430867075920104980468750000000000000000000000000000000
4.49146056092531686942947999341413378715515136718750000000000000000000000000000000
3.89425429933737987653330492321401834487915039062500000000000000000000000000000000
3.48193072453238894325977526023052632808685302734375000000000000000000000000000000
3.18289623153325385018774795753415673971176147460937500000000000000000000000000000
2.95718518769615013042084683547727763652801513671875000000000000000000000000000000
2.78067468283573360210425562399905174970626831054687500000000000000000000000000000
2.63863970295541117039306300284806638956069946289062500000000000000000000000000000
2.52187295389223420372104556008707731962203979492187500000000000000000000000000000
2.42432582133844176652814894623588770627975463867187500000000000000000000000000000
2.34178868247953975156860906281508505344390869140625000000000000000000000000000000
2.27118764102770231971817338489927351474761962890625000000000000000000000000000000
2.21020433689465134463603135372977703809738159179687500000000000000000000000000000
2.15705559439444360947391032823361456394195556640625000000000000000000000000000000
2.11035334354327508421533821092452853918075561523437500000000000000000000000000000
2.06900817947122339646170985361095517873764038085937500000000000000000000000000000
2.03215938928337580549055019218940287828445434570312500000000000000000000000000000
1.99912265556218637918561853439314290881156921386718750000000000000000000000000000
1.96935033727735464559316369559383019804954528808593750000000000000000000000000000
1.94240102617606069657085754442960023880004882812500000000000000000000000000000000
1.91791608361709675634187988180201500654220581054687500000000000000000000000000000
1.89560149795500132441361529345158487558364868164062500000000000000000000000000000
1.87521383256470719480546449631219729781150817871093750000000000000000000000000000
1.85654933696363588779831843567080795764923095703125000000000000000000000000000000
1.83943551169518282328851910278899595141410827636718750000000000000000000000000000
1.82372457897101392099159511417383328080177307128906250000000000000000000000000000
1.80928843310400688793038170842919498682022094726562500000000000000000000000000000
1.79601473883302431566733048384776338934898376464843750000000000000000000000000000
1.78380391896436374388201784313423559069633483886718750000000000000000000000000000
1.77256683021505834219055941503029316663742065429687500000000000000000000000000000
1.76222297111176406936294824845390394330024719238281250000000000000000000000000000
1.75269910079129931368413508607773110270500183105468750000000000000000000000000000
1.74392817472714978244141548202605918049812316894531250000000000000000000000000000
1.73584852430373848264366642979439347982406616210937500000000000000000000000000000
1.72840322328499040871463421353837475180625915527343750000000000000000000000000000
1.72153959660613709026222295506158843636512756347656250000000000000000000000000000
1.71520883655006239898455078218830749392509460449218750000000000000000000000000000
1.70936569884279765396684069855837151408195495605468750000000000000000000000000000
1.70396825716284094909269697382114827632904052734375000000000000000000000000000000
1.69897769931317244029855828557629138231277465820312500000000000000000000000000000
1.69435815210927365193072091642534360289573669433593750000000000000000000000000000
1.69007652524856988307533356419298797845840454101562500000000000000000000000000000
1.68610236698220039563977934449212625622749328613281250000000000000000000000000000
1.68240772643497393801226280629634857177734375000000000000000000000000000000000000
1.67896701930781055978059157496318221092224121093750000000000000000000000000000000
1.67575689474674760504058212973177433013916015625000000000000000000000000000000000
1.67275610260893903280532413191394880414009094238281250000000000000000000000000000
1.66994536070583454723248451045947149395942687988281250000000000000000000000000000
1.66730722244985485325230456510325893759727478027343750000000000000000000000000000
1.66482594564699137862362476880662143230438232421875000000000000000000000000000000
1.66248736315214151737507108919089660048484802246093750000000000000000000000000000
1.66027875659702850441590271657332777976989746093750000000000000000000000000000000
1.65818873393319576869942011398961767554283142089843750000000000000000000000000000
1.65620711174060364356819263775832951068878173828125000000000000000000000000000000
1.65432480307009122100225795293226838111877441406250000000000000000000000000000000
1.65253371143411587063098977523623034358024597167968750000000000000000000000000000
1.65082663122833772639808103122049942612648010253906250000000000000000000000000000
1.64919715507028841194880897091934457421302795410156250000000000000000000000000000
1.64763958796344756052576485672034323215484619140625000000000000000000000000000000
1.64614886860658171663374105264665558934211730957031250000000000000000000000000000
1.64472049719384605381833353021647781133651733398437500000000000000000000000000000
1.64335047012919477360526343545643612742424011230468750000000000000000000000000000
1.64203522082024511163922397827263921499252319335937500000000000000000000000000000
1.64077156669718671189173164748353883624076843261718750000000000000000000000000000
1.63955666159258695024902863224269822239875793457031250000000000000000000000000000
1.63838795351956290069495025818469002842903137207031250000000000000000000000000000
1.63726314698905972555564858339494094252586364746093750000000000000000000000000000
1.63618017008916494248182971205096691846847534179687500000000000000000000000000000
1.63513714484229200074594245961634442210197448730468750000000000000000000000000000
1.63413236274999529307194734428776428103446960449218750000000000000000000000000000
1.63316426093109212658305295917671173810958862304687500000000000000000000000000000
1.63223140402746391686150673194788396358489990234375000000000000000000000000000000
1.63133246629708961172866565902950242161750793457031250000000000000000000000000000
1.63046621827803295268211059010354802012443542480468750000000000000000000000000000
1.62963151246372706104637018142966553568840026855468750000000000000000000000000000
1.62882727449287600940408538008341565728187561035156250000000000000000000000000000
1.62805249166831189633342091838130727410316467285156250000000000000000000000000000
1.62730620634853551109699765220284461975097656250000000000000000000000000000000000
1.62658751008490010114826418430311605334281921386718750000000000000000000000000000
1.62589553563228128574280617613112553954124450683593750000000000000000000000000000
1.62522945307727284536269962700316682457923889160156250000000000000000000000000000
1.62458846719063076946554247115273028612136840820312500000000000000000000000000000
1.62397180985463962521464509336510673165321350097656250000000000000000000000000000
1.62337874236784318604520649387268349528312683105468750000000000000000000000000000
1.62280854886634151590385499730473384261131286621093750000000000000000000000000000
1.62226053562030969601437391247600317001342773437500000000000000000000000000000000
1.62173402972019142787019063689513131976127624511718750000000000000000000000000000
1.62122838045595263345433068025158718228340148925781250000000000000000000000000000
1.62074295139993385106436107889749109745025634765625000000000000000000000000000000
1.62027712170615934006434599723434075713157653808593750000000000000000000000000000
1.61983028911789950221589151624357327818870544433593750000000000000000000000000000
1.61940187020043513399514267803169786930084228515625000000000000000000000000000000
1.61899129148793008425855077803134918212890625000000000000000000000000000000000000
1.61859799353335209737281275010900571942329406738281250000000000000000000000000000
1.61822143931401152272542276477906852960586547851562500000000000000000000000000000
1.61786108350184454351960994245018810033798217773437500000000000000000000000000000
1.61751642765778913535257288458524271845817565917968750000000000000000000000000000
1.61718694484844882630625306774163618683815002441406250000000000000000000000000000
1.61687217046359266170441060239681974053382873535156250000000000000000000000000000
1.61657161356331080526160803856328129768371582031250000000000000000000000000000000
