7.56076319264126883723520222702063620090484619140625000000000000000000000000000000
5.23572686032841616565747244749218225479125976562500000000000000000000000000000000
4.25440251670555902308024087687954306602478027343750000000000000000000000000000000
3.70222598306857886285570202744565904140472412109375000000000000000000000000000000
3.33154489746020043838825586135499179363250732421875000000000000000000000000000000
3.05986747701235817231690816697664558887481689453125000000000000000000000000000000
2.85159722389222025640265201218426227569580078125000000000000000000000000000000000
2.68772813161401646908643670030869543552398681640625000000000000000000000000000000
2.55656627942986247603585070464760065078735351562500000000000000000000000000000000
2.45023646991662635841180417628493160009384155273437500000000000000000000000000000
2.36312629937644302913213323336094617843627929687500000000000000000000000000000000
2.29109669052247832965463203436229377985000610351562500000000000000000000000000000
2.23103200939553403259196784347295761108398437500000000000000000000000000000000000
2.18055613772871081934567882854025810956954956054687500000000000000000000000000000
2.13783908239147502072796669381204992532730102539062500000000000000000000000000000
2.10145891844174226292807361460290849208831787109375000000000000000000000000000000
2.07030082423724559603783745842520147562026977539062500000000000000000000000000000
2.04348247330421495249197505472693592309951782226562500000000000000000000000000000
2.02029869653339355650700781552586704492568969726562500000000000000000000000000000
2.00018036935068499460044222360011190176010131835937500000000000000000000000000000
1.98266379998571240506066715170163661241531372070312500000000000000000000000000000
1.96736784362069538900641418877057731151580810546875000000000000000000000000000000
1.95397668198894658431186144298408180475234985351562500000000000000000000000000000
1.94222675223227225771438497758936136960983276367187500000000000000000000000000000
1.93189671969557541508777376293437555432319641113281250000000000000000000000000000
1.92279969483969792598543335770955309271812438964843750000000000000000000000000000
1.91477711794900984365597196301678195595741271972656250000000000000000000000000000
1.90769389660089250249086489930050447583198547363281250000000000000000000000000000
1.90143449593548141685062091710278764367103576660156250000000000000000000000000000
1.89589976350599953569542321929475292563438415527343750000000000000000000000000000
1.89100432818385666422500435146503150463104248046875000000000000000000000000000000
1.88667445362175567602491810248466208577156066894531250000000000000000000000000000
1.88284625600528587874293862114427611231803894042968750000000000000000000000000000
1.87946421682495534710710671788547188043594360351562500000000000000000000000000000
1.87647993684938207969992163270944729447364807128906250000000000000000000000000000
1.87385108874134420631207831320352852344512939453125000000000000000000000000000000
1.87154053442803491869028675864683464169502258300781250000000000000000000000000000
1.86951557979265103881516552064567804336547851562500000000000000000000000000000000
1.86774734436304057361155628314008936285972595214843750000000000000000000000000000
1.86621022762094956881639973289566114544868469238281250000000000000000000000000000
1.86488145672588134793556946533499285578727722167968750000000000000000000000000000
1.86374070303083905209007298253709450364112854003906250000000000000000000000000000
1.86276975682401135792076729558175429701805114746093750000000000000000000000000000
1.86195225118681806364406838838476687669754028320312500000000000000000000000000000
1.86127342780954152523520406248280778527259826660156250000000000000000000000000000
1.86071993792356593644399254117161035537719726562500000000000000000000000000000000
1.86027967325573229118162998929619789123535156250000000000000000000000000000000000
1.85994162233859561261795079190051183104515075683593750000000000000000000000000000
1.85969574795322856175516790244728326797485351562500000000000000000000000000000000
1.85953288272567851535654881445225328207015991210937500000000000000000000000000000
1.85944463978062057840645593387307599186897277832031250000000000000000000000000000
1.85942333606534049295078148134052753448486328125000000000000000000000000000000000
1.85946192601918669495830727100837975740432739257812500000000000000000000000000000
1.85955394451529110178000792075181379914283752441406250000000000000000000000000000
1.85969345669714303248554188030539080500602722167968750000000000000000000000000000
1.85987501409457500756161607569083571434020996093750000000000000000000000000000000
1.86009361624557567616022879519732668995857238769531250000000000000000000000000000
1.86034467498345978953011581324972212314605712890625000000000000000000000000000000
1.86062398433440101541691547026857733726501464843750000000000000000000000000000000
1.86092769208868125119238357001449912786483764648437500000000000000000000000000000
1.86125227349757582651079701463459059596061706542968750000000000000000000000000000
1.86159450773584977945063201332231983542442321777343750000000000000000000000000000
1.86195145649260185294338043604511767625808715820312500000000000000000000000000000
1.86232044263733476086031259910669177770614624023437500000000000000000000000000000
1.86269903317061880088090219942387193441390991210937500000000000000000000000000000
1.86308501699475215218626544810831546783447265625000000000000000000000000000000000
1.86347639353688165897438011597841978073120117187500000000000000000000000000000000
1.86387135365976841505641914409352466464042663574218750000000000000000000000000000
1.86426826739641238184219673712505027651786804199218750000000000000000000000000000
1.86466566435377312238586000603390857577323913574218750000000000000000000000000000
1.86506223147650573856992650689790025353431701660156250000000000000000000000000000
1.86545678660979663554542185011086985468864440917968750000000000000000000000000000
1.86584828144309478048512573877815157175064086914062500000000000000000000000000000
1.86623577776911431236328553495695814490318298339843750000000000000000000000000000
1.86661845057947117787477964157005771994590759277343750000000000000000000000000000
1.86699556858690507432640970364445820450782775878906250000000000000000000000000000
1.86736648092956181166357509937370195984840393066406250000000000000000000000000000
1.86773064187094872679040236107539385557174682617187500000000000000000000000000000
1.86808755674562987358910959301283583045005798339843750000000000000000000000000000
1.86843679039325749613453808706253767013549804687500000000000000000000000000000000
1.86877800647239911135955026111332699656486511230468750000000000000000000000000000
1.86911087453618152132150953548261895775794982910156250000000000000000000000000000
1.86943516991992741971273517265217378735542297363281250000000000000000000000000000
1.86975063906680483150068994291359558701515197753906250000000000000000000000000000
1.87005713221224989517565973073942586779594421386718750000000000000000000000000000
1.87035453870153767219619567185873165726661682128906250000000000000000000000000000
1.87064271274118976151612514513544738292694091796875000000000000000000000000000000
1.87092161552081948094894414680311456322669982910156250000000000000000000000000000
1.87119122690158024013840076804626733064651489257812500000000000000000000000000000
1.87145142088087146348129863326903432607650756835937500000000000000000000000000000
1.87170230855381958257055430294713005423545837402343750000000000000000000000000000
1.87194379325057980167912319302558898925781250000000000000000000000000000000000000
1.87217604164920548015516033046878874301910400390625000000000000000000000000000000
1.87239907052819876120963726862100884318351745605468750000000000000000000000000000
1.87261292083651875728378399799112230539321899414062500000000000000000000000000000
1.87281773011984231658288990729488432407379150390625000000000000000000000000000000
1.87301341987613789719091528240824118256568908691406250000000000000000000000000000
1.87320021984665219250132395245600491762161254882812500000000000000000000000000000
1.87337824550289822056470256939064711332321166992187500000000000000000000000000000
1.87354759247863711379977758042514324188232421875000000000000000000000000000000000
1.87370865276655740316869014350231736898422241210937500000000000000000000000000000
