4.44500729171356212532373319845646619796752929687500000000000000000000000000000000
2.99000889988602214231150355772115290164947509765625000000000000000000000000000000
2.26126805862534352442594354215543717145919799804687500000000000000000000000000000
1.83551575767814023620871921593789011240005493164062500000000000000000000000000000
1.57155924588677220476995444187195971608161926269531250000000000000000000000000000
1.40069067809772440647009261738276109099388122558593750000000000000000000000000000
1.28557778863270910640892452647676691412925720214843750000000000000000000000000000
1.20519827819430669357814167597098276019096374511718750000000000000000000000000000
1.14732757248374017677861047559417784214019775390625000000000000000000000000000000
1.10459235213878104175933003716636449098587036132812500000000000000000000000000000
1.07237728110133145875693116977345198392868041992187500000000000000000000000000000
1.04769319525709492246789977798471227288246154785156250000000000000000000000000000
1.02854635594229004702526708570076152682304382324218750000000000000000000000000000
1.01357395850251608138137271453160792589187622070312500000000000000000000000000000
1.00182526836315100027263724768999963998794555664062500000000000000000000000000000
0.99262516094790276266479622790939174592494964599609375000000000000000000000000000
0.98548604875615875009486899216426536440849304199218750000000000000000000000000000
0.98004934823092326734439438951085321605205535888671875000000000000000000000000000
0.97604570040251092954974865278927609324455261230468750000000000000000000000000000
0.97326754485616451262330883764661848545074462890625000000000000000000000000000000
0.97155009348071585950634698747307993471622467041015625000000000000000000000000000
0.97075815674977561364755729300668463110923767089843750000000000000000000000000000
0.97077711284394885282722498232033103704452514648437500000000000000000000000000000
0.97150682978015323598697250417899340391159057617187500000000000000000000000000000
0.97285768809516104393964042174047790467739105224609375000000000000000000000000000
0.97474808063247908584969536605058237910270690917968750000000000000000000000000000
0.97710292811691323855427526723360642790794372558593750000000000000000000000000000
0.97985286829676832009994313921197317540645599365234375000000000000000000000000000
0.98293386656641301701853308259160257875919342041015625000000000000000000000000000
0.98628706562574308680524381998111493885517120361328125000000000000000000000000000
0.98985874608681090336403940455056726932525634765625000000000000000000000000000000
0.99360031233043100140633896444342099130153656005859375000000000000000000000000000
0.99746825061212862628678976761875674128532409667968750000000000000000000000000000
1.00142403094854426370829969528131186962127685546875000000000000000000000000000000
1.00543394214478798431855466333217918872833251953125000000000000000000000000000000
1.00946886147634717900700707104988396167755126953125000000000000000000000000000000
1.01350396819121923996931400324683636426925659179687500000000000000000000000000000
1.01751841414861954326909199153305962681770324707031250000000000000000000000000000
1.02149496625544977668198498577112331986427307128906250000000000000000000000000000
1.02541963522267876030014122079592198133468627929687500000000000000000000000000000
1.02928130336030854152795654954388737678527832031250000000000000000000000000000000
1.03307136221589512814489353331737220287322998046875000000000000000000000000000000
1.03678336827007955278645567886997014284133911132812500000000000000000000000000000
1.04041272264207074194075630657607689499855041503906250000000000000000000000000000
1.04395637851805034301833075005561113357543945312500000000000000000000000000000000
1.04741257829019707159545760077890008687973022460937500000000000000000000000000000
1.05078062083305101559460581484017893671989440917968750000000000000000000000000000
1.05406065810531668347493905457668006420135498046875000000000000000000000000000000
1.05725351972924364041261924285208806395530700683593750000000000000000000000000000
1.06036056340955364696299056959105655550956726074218750000000000000000000000000000
1.06338354877420537825116753083420917391777038574218750000000000000000000000000000
1.06632453222810341664228417357662692666053771972656250000000000000000000000000000
1.06918578030988054017313970689428970217704772949218750000000000000000000000000000
1.07196969860417556930087812361307442188262939453125000000000000000000000000000000
1.07467877518210830345424255938269197940826416015625000000000000000000000000000000
1.07731553560900206178985172300599515438079833984375000000000000000000000000000000
1.07988250618667480651424739335197955369949340820312500000000000000000000000000000
1.08238218814924436195212820166489109396934509277343750000000000000000000000000000
1.08481703586639266490010413690470159053802490234375000000000000000000000000000000
1.08718944177513798798884181451285257935523986816406250000000000000000000000000000
1.08950172656255950265347109962021932005882263183593750000000000000000000000000000
1.09175613019923267721367210469907149672508239746093750000000000000000000000000000
1.09395480897146701870781271281884983181953430175781250000000000000000000000000000
1.09609983325433701928375285206129774451255798339843750000000000000000000000000000
1.09819318585080849537405356386443600058555603027343750000000000000000000000000000
1.10023676047766794106053112045628949999809265136718750000000000000000000000000000
1.10223236658205014926181775081204250454902648925781250000000000000000000000000000
1.10418173579274925266702211956726387143135070800781250000000000000000000000000000
1.10608650398835739459002525109099224209785461425781250000000000000000000000000000
1.10794825076095238003404119808692485094070434570312500000000000000000000000000000
1.10976845656680600527010938094463199377059936523437500000000000000000000000000000
1.11154854327562158111675216787261888384819030761718750000000000000000000000000000
1.11328986852438460708469847304513677954673767089843750000000000000000000000000000
1.11499370887826332321424160909373313188552856445312500000000000000000000000000000
1.11666128082495585971400942071340978145599365234375000000000000000000000000000000
1.11829375628275018428325893182773143053054809570312500000000000000000000000000000
1.11989222613870165190519401221536099910736083984375000000000000000000000000000000
1.12145771962750440131628693052334710955619812011718750000000000000000000000000000
1.12299121847122762574144871905446052551269531250000000000000000000000000000000000
1.12449373796939466885191905021201819181442260742187500000000000000000000000000000
1.12596606007742017219186436705058440566062927246093750000000000000000000000000000
1.12740904258889362843376602540956810116767883300781250000000000000000000000000000
1.12882353998320450472192533197812736034393310546875000000000000000000000000000000
1.13021028673362944338975921709788963198661804199218750000000000000000000000000000
1.13157003559298963146773076005047187209129333496093750000000000000000000000000000
1.13290330543789230510753895941888913512229919433593750000000000000000000000000000
1.13421094514559417376631245133467018604278564453125000000000000000000000000000000
1.13549318121388131963556133996462449431419372558593750000000000000000000000000000
1.13675103104514496621391117514576762914657592773437500000000000000000000000000000
1.13798473013939482889611554128350690007209777832031250000000000000000000000000000
1.13919484440900919963723936234600841999053955078125000000000000000000000000000000
1.14038186448591383204131943784886971116065979003906250000000000000000000000000000
1.14154648058072338834278980357339605689048767089843750000000000000000000000000000
1.14268782023210180298633531492669135332107543945312500000000000000000000000000000
1.14380842929403336860616491321707144379615783691406250000000000000000000000000000
1.14490686126377316789159976906375959515571594238281250000000000000000000000000000
1.14598572221056493880553261988097801804542541503906250000000000000000000000000000
1.14704217184849732724671866890275850892066955566406250000000000000000000000000000
1.14807668726118650148748656647512689232826232910156250000000000000000000000000000
1.14909147910456521657351913745515048503875732421875000000000000000000000000000000
1.15008730158323957404320481145987287163734436035156250000000000000000000000000000
